Time (min),Abs
0,1.04479754
0.016666681,0.973059893
0.033333346,0.829984546
0.050000012,0.723921895
0.066666678,0.637771308
0.083333343,0.553335726
0.100000009,0.51034379
0.116666675,0.487617075
0.133333325,0.455862641
0.150000006,0.435822099
0.166666657,0.43241623
0.183333337,0.428686917
0.199999988,0.419616163
0.216666669,0.417336762
0.233333319,0.414603353
0.25,0.412101328
0.266666651,0.413993657
0.283333331,0.413003475
0.299999982,0.411235631
0.316666663,0.411325216
0.333333314,0.407259017
0.349999994,0.411312431
0.366666645,0.411128163
0.383333325,0.408465743
0.399999976,0.408722103
0.416666687,0.410383999
0.433333337,0.412437886
0.449999988,0.408417553
0.466666639,0.406608969
0.483333349,0.405628592
0.5,0.405971944
0.516666651,0.40739131
0.533333302,0.406201839
0.550000012,0.407823145
0.566666663,0.406789392
0.583333314,0.407495529
0.599999964,0.404317617
0.616666675,0.405520201
0.633333325,0.400974512
0.649999976,0.400337458
0.666666687,0.403533578
0.683333337,0.398457021
0.699999988,0.399314314
0.716666639,0.401940703
0.733333349,0.395822555
0.75,0.397815287
0.766666651,0.394715816
0.783333302,0.397999317
0.800000012,0.393969506
0.816666663,0.391117424
0.833333314,0.390324354
0.849999964,0.39280656
0.866666675,0.391358346
0.883333325,0.388154209
0.899999976,0.388017803
0.916666627,0.389391005
0.933333278,0.386083454
0.950000048,0.381370872
0.966666698,0.382498711
0.983333349,0.38188538
1,0.382217199
1.016666651,0.384144306
1.033333302,0.382210165
1.049999952,0.381299317
1.066666603,0.381433427
1.083333373,0.379716009
1.100000024,0.380754679
1.116666675,0.380232394
1.133333325,0.380219311
1.149999976,0.377896637
1.166666627,0.373472571
1.183333278,0.374282152
1.200000048,0.370650202
1.216666698,0.371255428
1.233333349,0.370481432
1.25,0.368420094
1.266666651,0.366196156
1.283333302,0.369574636
1.299999952,0.368745029
1.316666603,0.368691504
1.333333373,0.366123468
1.350000024,0.369606793
1.366666675,0.368799031
1.383333325,0.367767781
1.399999976,0.369525343
1.416666627,0.369279802
1.433333278,0.365415514
1.450000048,0.36656335
1.466666698,0.366670072
1.483333349,0.364230573
1.5,0.365170926
1.516666651,0.360492617
1.533333302,0.364731312
1.549999952,0.362823457
1.566666603,0.362805545
1.583333373,0.36164543
1.600000024,0.35831967
1.616666675,0.35830006
1.633333325,0.358989984
1.649999976,0.356942534
1.666666627,0.358000815
1.683333278,0.358767122
1.700000048,0.357984006
1.716666698,0.355912715
1.733333349,0.356240422
1.75,0.357114464
1.766666651,0.353491187
1.783333302,0.353797436
1.799999952,0.35137701
1.816666603,0.354934424
1.833333373,0.355439514
1.850000024,0.354430884
1.866666675,0.346068472
1.883333445,0.345523417
1.900000095,0.345939755
1.916666746,0.348326325
1.933333397,0.347500175
1.950000048,0.358175755
1.966666698,0.350095749
1.983333349,0.363076448
2,0.367011964
2.016666889,0.366491348
2.03333354,0.365374863
2.050000191,0.367915839
2.066666842,0.368616641
2.083333492,0.367618293
2.100000143,0.338872999
2.116666794,0.338988394
2.133333445,0.339021415
2.150000095,0.365395099
2.166666746,0.350206524
2.183333397,0.349449098
2.200000048,0.338779658
2.216666698,0.348324865
2.233333349,0.347261161
2.25,0.345059335
2.266666889,0.353380233
2.28333354,0.351811945
2.300000191,0.343875408
2.316666842,0.343850464
2.333333492,0.344601989
2.350000143,0.344226122
2.366666794,0.336741209
2.383333445,0.341290623
2.400000095,0.339672983
2.416666746,0.334545225
2.433333397,0.338505298
2.450000048,0.335266113
2.466666698,0.334334523
2.483333349,0.336425275
2.5,0.333724797
2.516666889,0.331974447
2.53333354,0.331960946
2.550000191,0.325693399
2.566666842,0.332805157
2.583333492,0.330732822
2.600000143,0.333638251
2.616666794,0.334821791
2.633333445,0.331221312
2.650000095,0.333025962
2.666666746,0.329577923
2.683333397,0.32876721
2.700000048,0.329840601
2.716666698,0.328308284
2.733333349,0.330884993
2.75,0.328315198
2.766666889,0.329041034
2.78333354,0.325921118
2.800000191,0.327444375
2.816666842,0.322657168
2.833333492,0.324213654
2.850000143,0.323062033
2.866666794,0.319012791
2.883333445,0.322661102
2.900000095,0.320345104
2.916666746,0.320357323
2.933333397,0.320719957
2.950000048,0.318211854
2.966666698,0.318317354
2.983333349,0.316689879
3,0.316231191
3.016666889,0.320568323
3.03333354,0.323525727
3.050000191,0.322373807
3.066666842,0.322386473
3.083333492,0.320398361
3.100000143,0.324495375
3.116666794,0.322724551
3.133333445,0.321551472
3.150000095,0.323544651
3.166666746,0.322720707
3.183333397,0.320612609
3.200000048,0.323535919
3.216666698,0.323134244
3.233333349,0.319719791
3.25,0.320416302
3.266666889,0.322310537
3.28333354,0.317519754
3.300000191,0.316860557
3.316666842,0.316459417
3.333333492,0.314166665
3.350000143,0.315843016
3.366666794,0.312915385
3.383333445,0.311692208
3.400000095,0.312633038
3.416666746,0.31313628
3.433333397,0.310029119
3.450000048,0.307810634
3.466666698,0.309462726
3.483333349,0.310843796
3.5,0.307978362
3.516666889,0.303598434
3.53333354,0.305721551
3.550000191,0.301746577
3.566666842,0.301880539
3.583333492,0.299749702
3.600000143,0.302931815
3.616666794,0.301406413
3.633333445,0.300791234
3.650000095,0.300743312
3.666666746,0.300729394
3.683333397,0.303304523
3.700000048,0.300670892
3.716666698,0.299659103
3.733333349,0.299529493
3.75,0.301334024
3.766666889,0.297258973
3.78333354,0.297014296
3.800000191,0.29611212
3.816666842,0.298069447
3.833333492,0.294918448
3.850000143,0.295521736
3.866666794,0.293792754
3.883333206,0.294466794
3.900000095,0.292881489
3.916666508,0.292866647
3.933333397,0.293142378
3.949999809,0.290776789
3.966666698,0.292424649
3.983333111,0.289871335
4,0.29263261
4.016666412,0.286592215
4.033333302,0.288609356
4.049999714,0.291664749
4.066666603,0.300451249
4.083333015,0.301468432
4.099999905,0.303949863
4.116666317,0.308211625
4.133333206,0.308083832
4.150000095,0.306792766
4.166666508,0.309109122
4.183333397,0.305619031
4.199999809,0.303261638
4.216666698,0.307420641
4.233333111,0.305678159
4.25,0.304321349
4.266666412,0.297743291
4.283333302,0.290799499
4.299999714,0.287171662
4.316666603,0.301633388
4.333333015,0.298116237
4.349999905,0.288456649
4.366666317,0.29414168
4.383333206,0.288800746
4.400000095,0.290499538
4.416666508,0.287761986
4.433333397,0.285660982
4.449999809,0.285487413
4.466666698,0.284460574
4.483333111,0.284021318
4.5,0.283326894
4.516666412,0.281069458
4.533333302,0.278390527
4.549999714,0.280499846
4.566666603,0.279551446
4.583333015,0.28134793
4.599999905,0.277564436
4.616666317,0.275816292
4.633333206,0.277939171
4.650000095,0.276608199
4.666666508,0.275271475
4.683333397,0.275770515
4.699999809,0.27803129
4.716666698,0.275880337
4.733333111,0.274445117
4.75,0.276101857
4.766666412,0.278166741
4.783333302,0.274706125
4.799999714,0.275592834
4.816666603,0.274073243
4.833333015,0.275260896
4.849999905,0.274171829
4.866666317,0.273772299
4.883333206,0.271358401
4.900000095,0.272114247
4.916666508,0.27218473
4.933333397,0.269373208
4.949999809,0.269860834
4.966666698,0.268422306
4.983333111,0.267910719
5,0.269192904
5.016666412,0.267859489
5.033333302,0.269187272
5.049999714,0.268066138
5.066666603,0.267159104
5.083333015,0.268197626
5.099999905,0.266939014
5.116666317,0.266865701
5.133333206,0.267772883
5.150000095,0.271588773
5.166666508,0.270573854
5.183333397,0.268422693
5.199999809,0.267977089
5.216666698,0.271850675
5.233333111,0.269423366
5.25,0.269436866
5.266666412,0.268967986
5.283333302,0.268165141
5.299999714,0.2694031
5.316666603,0.268350989
5.333333015,0.267670125
5.349999905,0.26780194
5.366666317,0.26688847
5.383333206,0.265432984
5.400000095,0.266270876
5.416666508,0.26645267
5.433333397,0.264432997
5.449999809,0.262055099
5.466666698,0.262118459
5.483333111,0.262080312
5.5,0.261940152
5.516666412,0.260783434
5.533333302,0.258443117
5.549999714,0.25717029
5.566666603,0.257692218
5.583333015,0.255796045
5.599999905,0.254991412
5.616666317,0.256100476
5.633333206,0.256615698
5.650000095,0.256224573
5.666666508,0.253475457
5.683333397,0.252200246
5.699999809,0.254591703
5.716666698,0.251753509
5.733333111,0.254097223
5.75,0.25364551
5.766666412,0.2514458
5.783333302,0.254003316
5.799999714,0.251122803
5.816666603,0.252920717
5.833333015,0.250471264
5.849999905,0.252187103
5.866666317,0.250737518
5.883333206,0.249783188
5.900000095,0.250852287
5.916666508,0.247861221
5.933333397,0.247904912
5.949999809,0.247985512
5.966666698,0.245686561
5.983333111,0.247769654
6,0.242997438
6.016666412,0.243339613
6.033333302,0.249371231
6.049999714,0.244335428
6.066666603,0.245469302
6.083333015,0.2443441
6.099999905,0.244163215
6.116666317,0.247626796
6.133333206,0.246163055
6.150000095,0.243188724
6.166666508,0.244960249
6.183333397,0.248159885
6.199999809,0.252650797
6.216666698,0.253123045
6.233333111,0.257269144
6.25,0.256738454
6.266666412,0.258278072
6.283333302,0.257680208
6.299999714,0.256308645
6.316666603,0.257269025
6.333333015,0.254624009
6.349999905,0.255268723
6.366666317,0.256188393
6.383333206,0.235946566
6.400000095,0.254763126
6.416666508,0.252023697
6.433333397,0.239566207
6.449999809,0.239204511
6.466666698,0.241777659
6.483333111,0.251732886
6.5,0.240389392
6.516666412,0.24022229
6.533333302,0.241860688
6.549999714,0.241623297
6.566666603,0.241784975
6.583333015,0.239893675
6.599999905,0.242061183
6.616666317,0.236969277
6.633333206,0.237289518
6.650000095,0.237272933
6.666666508,0.235770822
6.683333397,0.235576689
6.699999809,0.235746056
6.716666698,0.234302849
6.733333111,0.233307511
6.75,0.233468205
6.766666412,0.232603416
6.783333302,0.231329307
6.799999714,0.233116761
6.816666603,0.233052388
6.833333015,0.229413003
6.849999905,0.232607082
6.866666317,0.232614681
6.883333206,0.233774215
6.900000095,0.23238261
6.916666508,0.229783163
6.933333397,0.231758162
6.949999809,0.227696747
6.966666698,0.230360016
6.983333111,0.229466036
7,0.229509771
7.016666412,0.230576798
7.033333302,0.230346158
7.049999714,0.229009822
7.066666603,0.22917898
7.083333015,0.228906333
7.099999905,0.226861283
7.116666317,0.227021754
7.133333206,0.227086812
7.150000095,0.225493506
7.166666508,0.225681841
7.183333397,0.225224584
7.199999809,0.223534674
7.216666698,0.224919111
7.233333111,0.223896563
7.25,0.225033313
7.266666412,0.222880483
7.283333302,0.223030344
7.299999714,0.226294234
7.316666603,0.223882347
7.333333015,0.223100826
7.349999905,0.22076869
7.366666317,0.222365588
7.383333206,0.225593701
7.400000095,0.227750927
7.416666508,0.225473881
7.433333397,0.225764111
7.449999809,0.22418344
7.466666698,0.224078566
7.483333111,0.224201918
7.5,0.22452043
7.516666412,0.224587724
7.533333302,0.225970641
7.549999714,0.224425286
7.566666603,0.22456041
7.583333015,0.221458629
7.599999905,0.224139854
7.616666317,0.225058124
7.633333206,0.22468923
7.650000095,0.222874895
7.666666508,0.223939255
7.683333397,0.221260175
7.699999809,0.221206367
7.716666698,0.222418681
7.733333111,0.220004872
7.75,0.220040962
7.766666412,0.21727939
7.783333302,0.217150182
7.799999714,0.217158422
7.816666603,0.216682628
7.833333015,0.217217535
7.849999905,0.215425104
7.866666317,0.215456143
7.883333206,0.213135034
7.899999619,0.2188389
7.916666985,0.215292037
7.933333397,0.213920698
7.949999809,0.212569952
7.966666222,0.212147504
7.983333588,0.213363826
8,0.20984669
8.016666412,0.212381125
8.033332825,0.211453438
8.050000191,0.208504632
8.066666603,0.210373029
8.083333015,0.207969353
8.099999428,0.208691776
8.116666794,0.209737331
8.133333206,0.209262475
8.149999619,0.208783612
8.166666985,0.209126294
8.183333397,0.207357079
8.199999809,0.207597956
8.216666222,0.20632492
8.233333588,0.210026518
8.25,0.206577763
8.266666412,0.206731916
8.283332825,0.207881242
8.300000191,0.206984326
8.316666603,0.20618242
8.333333015,0.207131684
8.349999428,0.204542354
8.366666794,0.204612926
8.383333206,0.20152697
8.399999619,0.203570351
8.416666985,0.204697609
8.433333397,0.2039105
8.449999809,0.203185901
8.466666222,0.20311363
8.483333588,0.206084803
8.5,0.203510627
8.516666412,0.202065781
8.533332825,0.200514481
8.550000191,0.201863468
8.566666603,0.202931479
8.583333015,0.198895484
8.599999428,0.198896751
8.616666794,0.199557334
8.633333206,0.200744882
8.649999619,0.20140487
8.666666985,0.198918194
8.683333397,0.197646454
8.699999809,0.195195139
8.716666222,0.194800645
8.733333588,0.207687065
8.75,0.210997284
8.766666412,0.209701806
8.783332825,0.208512247
8.800000191,0.211097524
8.816666603,0.212428376
8.833333015,0.210976109
8.849999428,0.211191639
8.866666794,0.193913594
8.883333206,0.194406837
8.899999619,0.192289755
8.916666985,0.194632888
8.933333397,0.209441721
8.949999809,0.194591388
8.966666222,0.210421518
8.983333588,0.209346607
9,0.206810996
9.016666412,0.205253035
9.033332825,0.196032718
9.050000191,0.194573358
9.066666603,0.202879518
9.083333015,0.20417425
9.099999428,0.198472545
9.116666794,0.199283391
9.133333206,0.196541116
9.149999619,0.196868718
9.166666985,0.198515147
9.183333397,0.195081547
9.199999809,0.197922826
9.216666222,0.19701077
9.233333588,0.197009787
9.25,0.194114953
9.266666412,0.194797322
9.283332825,0.190621823
9.300000191,0.193240017
9.316666603,0.195651323
9.333333015,0.191483766
9.349999428,0.191613093
9.366666794,0.190700352
9.383333206,0.191094354
9.399999619,0.191386223
9.416666985,0.188749924
9.433333397,0.189658597
9.449999809,0.188854888
9.466666222,0.190036699
9.483333588,0.190677032
9.5,0.191450223
9.516666412,0.186140582
9.533332825,0.188764915
9.550000191,0.189024016
9.566666603,0.18774052
9.583333015,0.187957019
9.599999428,0.190107077
9.616666794,0.1879071
9.633333206,0.188567027
9.649999619,0.188357085
9.666666985,0.187467516
9.683333397,0.185297966
9.699999809,0.187666372
9.716666222,0.187009767
9.733333588,0.185151398
9.75,0.188001201
9.766666412,0.186129779
9.783332825,0.18641077
9.800000191,0.186037958
9.816666603,0.185786784
9.833333015,0.186320633
9.849999428,0.185440496
9.866666794,0.184873357
9.88333321,0.183750421
9.89999962,0.185112074
9.91666698,0.18323642
9.9333334,0.183608368
9.94999981,0.183647081
9.96666622,0.183643103
9.98333359,0.182003021
10,0.181050971
10.01666641,0.181608513
10.03333282,0.18133086
10.05000019,0.180846512
10.0666666,0.181409493
10.08333302,0.181249976
10.09999943,0.181236893
10.11666679,0.179915413
10.13333321,0.184051976
10.14999962,0.182412922
10.16666698,0.182645306
10.1833334,0.182995766
10.19999981,0.183658272
10.21666622,0.184312046
10.23333359,0.18622829
10.25,0.183460325
10.26666641,0.182304665
10.28333282,0.185037911
10.30000019,0.182028607
10.3166666,0.181711257
10.33333302,0.184689671
10.34999943,0.180798069
10.36666679,0.182409331
10.38333321,0.18162857
10.39999962,0.181039661
10.41666698,0.182107419
10.4333334,0.182260394
10.44999981,0.182980388
10.46666622,0.182034195
10.48333359,0.181789458
10.5,0.179189131
10.51666641,0.180174485
10.53333282,0.179731652
10.55000019,0.179872245
10.5666666,0.181023195
10.58333302,0.177969962
10.59999943,0.179291219
10.61666679,0.177746683
10.63333321,0.176673561
10.64999962,0.175729826
10.66666698,0.175612018
10.6833334,0.175683737
10.69999981,0.178893432
10.71666622,0.17659235
10.73333359,0.173618674
10.75,0.174601227
10.76666641,0.175842971
10.78333282,0.175266638
10.80000019,0.175691605
10.8166666,0.173633426
10.83333302,0.172844768
10.84999943,0.171664402
10.86666679,0.172529474
10.88333321,0.174977541
10.89999962,0.170634091
10.91666698,0.171472028
10.9333334,0.171683237
10.94999981,0.169951648
10.96666622,0.171584889
10.98333359,0.170183182
11,0.170375586
11.01666641,0.169934377
11.03333282,0.170514017
11.05000019,0.168299928
11.0666666,0.169141367
11.08333302,0.170209527
11.09999943,0.169959426
11.11666679,0.168713555
11.13333321,0.168360889
11.14999962,0.166889504
11.16666698,0.167444497
11.1833334,0.169048131
11.19999981,0.168874949
11.21666622,0.168795258
11.23333359,0.169291064
11.25,0.168788269
11.26666641,0.167764798
11.28333282,0.168776855
11.30000019,0.168009341
11.3166666,0.166703224
11.33333302,0.167405784
11.34999943,0.165589631
11.36666679,0.168415159
11.38333321,0.16592826
11.39999962,0.16387853
11.41666698,0.165663809
11.4333334,0.167330131
11.44999981,0.166851863
11.46666622,0.166562542
11.48333359,0.165792599
11.5,0.165239364
11.51666641,0.164944753
11.53333282,0.165370315
11.55000019,0.163039282
11.5666666,0.163753361
11.58333302,0.164241031
11.59999943,0.162984833
11.61666679,0.162766188
11.63333321,0.163013667
11.64999962,0.161283851
11.66666698,0.161316156
11.6833334,0.164026097
11.69999981,0.160888121
11.71666622,0.161678478
11.73333359,0.162008435
11.75,0.161584735
11.76666641,0.161358655
11.78333282,0.16082637
11.80000019,0.15386422
11.8166666,0.159537584
11.83333302,0.164681554
11.84999943,0.157895207
11.86666679,0.158198789
11.88333321,0.169530124
11.89999962,0.17061688
11.91666698,0.169899091
11.9333334,0.170195162
11.94999981,0.172576428
11.96666622,0.169655934
11.98333359,0.171649948
12,0.170694068
12.01666641,0.169515356
12.03333282,0.169056773
12.05000019,0.154628545
12.0666666,0.169843704
12.08333302,0.163744614
12.09999943,0.160622478
12.11666679,0.169632256
12.13333321,0.155129671
12.14999962,0.17113547
12.16666698,0.163160056
12.1833334,0.170444176
12.19999981,0.160519302
12.21666622,0.161715999
12.23333359,0.160667792
12.25,0.167615131
12.26666641,0.165629804
12.28333282,0.160181314
12.30000019,0.158606768
12.3166666,0.160543278
12.33333302,0.161323249
12.34999943,0.159038141
12.36666679,0.159845963
12.38333321,0.161049172
12.39999962,0.159125954
12.41666698,0.159890071
12.4333334,0.159987047
12.44999981,0.160217956
12.46666622,0.156120211
12.48333359,0.155393899
12.5,0.156445593
12.51666641,0.156647787
12.53333282,0.155440539
12.55000019,0.157765061
12.5666666,0.156095699
12.58333302,0.153250143
12.59999943,0.15491277
12.61666679,0.154496416
12.63333321,0.153832868
12.64999962,0.154095784
12.66666698,0.153675154
12.6833334,0.152497172
12.69999981,0.152947769
12.71666622,0.154751331
12.73333359,0.15435198
12.75,0.150835589
12.76666641,0.152192339
12.78333282,0.15118432
12.80000019,0.151001945
12.8166666,0.15056026
12.83333302,0.153247565
12.84999943,0.15144597
12.86666679,0.151854262
12.88333321,0.152212814
12.89999962,0.153070256
12.91666698,0.151198611
12.9333334,0.152559295
12.94999981,0.150334999
12.96666622,0.152496189
12.98333359,0.149613798
13,0.148862466
13.01666641,0.149979398
13.03333282,0.150571868
13.05000019,0.151319295
13.0666666,0.151709631
13.08333302,0.150775403
13.09999943,0.149957314
13.11666679,0.149903715
13.13333321,0.149880424
13.14999962,0.15226835
13.16666698,0.147687197
13.1833334,0.149335295
13.19999981,0.150151745
13.21666622,0.151238844
13.23333359,0.147791922
13.25,0.146102905
13.26666641,0.14672716
13.28333282,0.148305208
13.30000019,0.146583483
13.3166666,0.147149175
13.33333302,0.147020206
13.34999943,0.144311339
13.36666679,0.14563942
13.38333321,0.147641733
13.39999962,0.147256523
13.41666698,0.145198405
13.4333334,0.145352379
13.44999981,0.14478147
13.46666622,0.144739553
13.48333359,0.145022899
13.5,0.145164013
13.51666641,0.144522578
13.53333282,0.143709779
13.55000019,0.145557761
13.5666666,0.144276828
13.58333302,0.143590048
13.59999943,0.142319173
13.61666679,0.142278731
13.63333321,0.143878013
13.64999962,0.146251917
13.66666698,0.145213991
13.6833334,0.143159345
13.69999981,0.145814151
13.71666622,0.14212814
13.73333359,0.14385353
13.75,0.145649627
13.76666641,0.144084856
13.78333282,0.143068939
13.80000019,0.142232999
13.8166666,0.142981246
13.83333302,0.14488925
13.84999943,0.146056056
13.86666679,0.14627105
13.88333321,0.144499943
13.89999962,0.144478053
13.91666698,0.144331977
13.9333334,0.146644354
13.94999981,0.145161957
13.96666622,0.142318815
13.98333359,0.144366339
14,0.145835087
14.01666641,0.143287495
14.03333282,0.144482747
14.05000019,0.143793941
14.0666666,0.143779203
14.08333302,0.143238068
14.09999943,0.143682316
14.11666679,0.144998655
14.13333321,0.145960271
14.14999962,0.144117147
14.16666698,0.142468169
14.1833334,0.14432314
14.19999981,0.141991884
14.21666622,0.141729519
14.23333359,0.141302213
14.25,0.142435223
14.26666641,0.140332073
14.28333282,0.138282254
14.30000019,0.141446233
14.3166666,0.141481981
14.33333302,0.141538382
14.34999943,0.138946444
14.36666679,0.139111444
14.38333321,0.139855295
14.39999962,0.138684765
14.41666698,0.139141187
14.4333334,0.138832286
14.44999981,0.13900134
14.46666622,0.139221028
14.48333359,0.136495322
14.5,0.135284498
14.51666641,0.136719123
14.53333282,0.137167603
14.55000019,0.136090547
14.5666666,0.136438265
14.58333302,0.137858421
14.59999943,0.137577191
14.61666679,0.138170227
14.63333321,0.134877637
14.64999962,0.135324836
14.66666698,0.133673742
14.6833334,0.134024769
14.69999981,0.135301501
14.71666622,0.133940995
14.73333359,0.134535506
14.75,0.132077768
14.76666641,0.134281993
14.78333282,0.133438453
14.80000019,0.133301869
14.8166666,0.134355769
14.83333302,0.134816945
14.84999943,0.136293411
14.86666679,0.134511769
14.88333321,0.133497313
14.89999962,0.134422898
14.91666698,0.13365081
14.9333334,0.133402452
14.94999981,0.133261561
14.96666622,0.133075804
14.98333359,0.13355881
15,0.132978082
15.01666641,0.13212356
15.03333282,0.131636396
15.05000019,0.131322026
15.0666666,0.132032082
15.08333302,0.133219943
15.09999943,0.130926102
15.11666679,0.133647114
15.13333321,0.131343782
15.14999962,0.128835157
15.16666698,0.130700454
15.1833334,0.130059227
15.19999981,0.130641773
15.21666622,0.129334465
15.23333359,0.130226374
15.25,0.130006388
15.26666641,0.128470302
15.28333282,0.129421771
15.30000019,0.12836583
15.3166666,0.129376575
15.33333302,0.128224328
15.34999943,0.12801978
15.36666679,0.130637214
15.38333321,0.128260151
15.39999962,0.127560496
15.41666698,0.12811859
15.4333334,0.128691629
15.44999981,0.127728239
15.46666622,0.126093999
15.48333359,0.130117133
15.5,0.127209887
15.51666641,0.130008802
15.53333282,0.126768306
15.55000019,0.129460871
15.5666666,0.126814961
15.58333302,0.12677516
15.59999943,0.125031218
15.61666679,0.127169132
15.63333321,0.128539622
15.64999962,0.127910614
15.66666698,0.127583966
15.6833334,0.126909256
15.69999981,0.125157684
15.71666622,0.124689236
15.73333359,0.13193275
15.75,0.123275802
15.76666641,0.134416968
15.78333282,0.132292092
15.80000019,0.132643834
15.8166666,0.135043889
15.83333302,0.133244559
15.84999943,0.137060404
15.86666679,0.135657355
15.88333321,0.136550412
15.89999962,0.136118427
15.91666603,0.135194227
15.93333244,0.135684952
15.95000076,0.134795576
15.96666718,0.135990918
15.98333359,0.134173498
16,0.137116164
16.01666641,0.135698676
16.03333282,0.136909023
16.04999924,0.137580141
16.06666565,0.135896459
16.08333397,0.134940893
16.10000038,0.121768914
16.11666679,0.123134509
16.13333321,0.135870621
16.14999962,0.122320429
16.16666603,0.135146275
16.18333244,0.130033627
16.20000076,0.122734711
16.21666718,0.132363185
16.23333359,0.121173747
16.25,0.133654371
16.26666641,0.12867105
16.28333282,0.134219825
16.29999924,0.13091372
16.31666565,0.130923823
16.33333397,0.130437687
16.35000038,0.12919122
16.36666679,0.130883768
16.38333321,0.127229601
16.39999962,0.126069561
16.41666603,0.130954862
16.43333244,0.126792803
16.45000076,0.127336755
16.46666718,0.129580334
16.48333359,0.125476942
16.5,0.123960555
16.51666641,0.125426799
16.53333282,0.124965899
16.54999924,0.125290096
16.56666565,0.124321155
16.58333397,0.122658312
16.60000038,0.122605547
16.61666679,0.124729075
16.63333321,0.124463871
16.64999962,0.123657994
16.66666603,0.123644471
16.68333244,0.122319087
16.70000076,0.122017808
16.71666718,0.121183232
16.73333359,0.122431085
16.75,0.122848287
16.76666641,0.119723506
16.78333282,0.122333981
16.79999924,0.119873002
16.81666565,0.12094076
16.83333397,0.121300921
16.85000038,0.121903934
16.86666679,0.122076199
16.88333321,0.119632088
16.89999962,0.120406844
16.91666603,0.118876502
16.93333244,0.120061286
16.95000076,0.121811368
16.96666718,0.121392652
16.98333359,0.121273302
17,0.121134676
17.01666641,0.119238287
17.03333282,0.117839061
17.04999924,0.118811771
17.06666565,0.119416758
17.08333397,0.11868377
17.10000038,0.121587254
17.11666679,0.118589744
17.13333321,0.122348629
17.14999962,0.119632527
17.16666603,0.121764459
17.18333244,0.119877301
17.20000076,0.119751297
17.21666718,0.12057814
17.23333359,0.120158464
17.25,0.117984653
17.26666641,0.119026803
17.28333282,0.119766131
17.29999924,0.118636958
17.31666565,0.117749706
17.33333397,0.117325559
17.35000038,0.118211605
17.36666679,0.120043911
17.38333321,0.117494248
17.39999962,0.11799226
17.41666603,0.119743452
17.43333244,0.118208073
17.45000076,0.11786361
17.46666718,0.118668556
17.48333359,0.118526109
17.5,0.117844939
17.51666641,0.119150959
17.53333282,0.116294891
17.54999924,0.117319658
17.56666565,0.117392816
17.58333397,0.116404086
17.60000038,0.117041819
17.61666679,0.117024534
17.63333321,0.118263438
17.64999962,0.116246171
17.66666603,0.11646352
17.68333244,0.118130833
17.70000076,0.117398247
17.71666718,0.116765983
17.73333359,0.116569951
17.75,0.11364758
17.76666641,0.11617469
17.78333282,0.115123935
17.79999924,0.115240537
17.81666565,0.116301589
17.83333397,0.114685498
17.85000038,0.114838228
17.86666679,0.115795001
17.88333321,0.115471058
17.89999962,0.115172565
17.91666603,0.115362302
17.93333244,0.115082808
17.95000076,0.115112767
17.96666718,0.113663688
17.98333359,0.113598719
18,0.112902261
18.01666641,0.11456874
18.03333282,0.116095923
18.04999924,0.114817321
18.06666565,0.112989456
18.08333397,0.115298428
18.10000038,0.114269316
18.11666679,0.11600367
18.13333321,0.116709903
18.14999962,0.116509385
18.16666603,0.115278207
18.18333244,0.115327254
18.20000076,0.114700392
18.21666718,0.114986591
18.23333359,0.116851047
18.25,0.117215216
18.26666641,0.117411003
18.28333282,0.11587815
18.29999924,0.114139609
18.31666565,0.114476852
18.33333397,0.112885073
18.35000038,0.115776114
18.36666679,0.114094332
18.38333321,0.114579558
18.39999962,0.115282729
18.41666603,0.114474192
18.43333244,0.115936831
18.45000076,0.115100145
18.46666718,0.115192816
18.48333359,0.115060605
18.5,0.113043822
18.51666641,0.117108047
18.53333282,0.115616769
18.54999924,0.11621102
18.56666565,0.114426889
18.58333397,0.114772983
18.60000038,0.116787769
18.61666679,0.11471644
18.63333321,0.11585442
18.64999962,0.114480183
18.66666603,0.114555396
18.68333244,0.112049051
18.70000076,0.115769722
18.71666718,0.11447759
18.73333359,0.111137122
18.75,0.113625251
18.76666641,0.115033917
18.78333282,0.11297942
18.79999924,0.111649118
18.81666565,0.111608878
18.83333397,0.111503057
18.85000038,0.111137427
18.86666679,0.113041706
18.88333321,0.112278454
18.89999962,0.112500735
18.91666603,0.110974193
18.93333244,0.110404916
18.95000076,0.111548871
18.96666718,0.109237693
18.98333359,0.111504965
19,0.11061094
19.01666641,0.110242054
19.03333282,0.110818841
19.04999924,0.110535242
19.06666565,0.110284969
19.08333397,0.108954564
19.10000038,0.108445302
19.11666679,0.109463185
19.13333321,0.109399907
19.14999962,0.108007811
19.16666603,0.109401643
19.18333244,0.108953595
19.20000076,0.106928617
19.21666718,0.109078303
19.23333359,0.109691896
19.25,0.109967709
19.26666641,0.107682683
19.28333282,0.108737715
19.29999924,0.106381781
19.31666565,0.106860548
19.33333397,0.107076593
19.35000038,0.10869509
19.36666679,0.108936697
19.38333321,0.10581594
19.39999962,0.104904994
19.41666603,0.107370831
19.43333244,0.104825079
19.45000076,0.106949449
19.46666718,0.106032692
19.48333359,0.106143735
19.5,0.106343918
19.51666641,0.107622452
19.53333282,0.108261161
19.54999924,0.106639609
19.56666565,0.106831744
19.58333397,0.105687976
19.60000038,0.105937101
19.61666679,0.106947295
19.63333321,0.107534409
19.64999962,0.107061885
19.66666603,0.102183707
19.68333244,0.107176967
19.70000076,0.105038203
19.71666718,0.105274491
19.73333359,0.104999103
19.75,0.10592217
19.76666641,0.105952397
19.78333282,0.105107084
19.79999924,0.105735064
19.81666565,0.104151227
19.83333397,0.105548069
19.85000038,0.107010379
19.86666679,0.106337898
19.88333321,0.105620727
19.89999962,0.104788706
19.91666603,0.105991155
19.93333244,0.104446784
19.95000076,0.105146453
19.96666718,0.105574578
19.98333359,0.104047045
20,0.106880181
20.01666641,0.103446297
20.03333282,0.104256921
20.04999924,0.10261777
20.06666565,0.102693118
20.08333397,0.10672807
20.10000038,0.104294837
20.11666679,0.105092771
20.13333321,0.104648158
20.14999962,0.105872721
20.16666603,0.103162445
20.18333244,0.103882805
20.20000076,0.102720268
20.21666718,0.104794368
20.23333359,0.105090365
20.25,0.104931824
20.26666641,0.100924164
20.28333282,0.103114061
20.29999924,0.103212707
20.31666565,0.104266204
20.33333397,0.10239318
20.35000038,0.104481094
20.36666679,0.102678888
20.38333321,0.101864941
20.39999962,0.103631795
20.41666603,0.104086749
20.43333244,0.10239806
20.45000076,0.101804137
20.46666718,0.102104522
20.48333359,0.101886712
20.5,0.101996273
20.51666641,0.101890177
20.53333282,0.101825148
20.54999924,0.102221213
20.56666565,0.102464259
20.58333397,0.103028998
20.60000038,0.101627789
20.61666679,0.101929061
20.63333321,0.101698093
20.64999962,0.100320831
20.66666603,0.103294104
20.68333244,0.099540986
20.70000076,0.102861561
20.71666718,0.100429118
20.73333359,0.104267947
20.75,0.100335412
20.76666641,0.103424415
20.78333282,0.099157311
20.79999924,0.097096585
20.81666565,0.102509424
20.83333397,0.106626868
20.85000038,0.109171987
20.86666679,0.109644182
20.88333321,0.108475611
20.89999962,0.108766042
20.91666603,0.110921621
20.93333244,0.108778149
20.95000076,0.108887136
20.96666718,0.108564049
20.98333359,0.108113416
21,0.109945066
21.01666641,0.109492563
21.03333282,0.107278496
21.04999924,0.110268816
21.06666565,0.110039905
21.08333397,0.109420791
21.10000038,0.110367864
21.11666679,0.110603228
21.13333321,0.109559521
21.14999962,0.108908922
21.16666603,0.110141866
21.18333244,0.102092177
21.20000076,0.107749894
21.21666718,0.110027462
21.23333359,0.105970308
21.25,0.10468746
21.26666641,0.111449421
21.28333282,0.104605541
21.29999924,0.11017099
21.31666565,0.0969069
21.33333397,0.108243227
21.35000038,0.105283558
21.36666679,0.104365178
21.38333321,0.102934003
21.39999962,0.11132925
21.41666603,0.104758918
21.43333244,0.099084459
21.45000076,0.104084112
21.46666718,0.107838981
21.48333359,0.10390766
21.5,0.103071295
21.51666641,0.106706359
21.53333282,0.107886761
21.54999924,0.103401393
21.56666565,0.101261489
21.58333397,0.108388193
21.60000038,0.103612013
21.61666679,0.104980774
21.63333321,0.102503628
21.64999962,0.103557169
21.66666603,0.099949114
21.68333244,0.103487618
21.70000076,0.100410759
21.71666718,0.099259645
21.73333359,0.101226121
21.75,0.102852248
21.76666641,0.099889778
21.78333282,0.100878932
21.79999924,0.101429083
21.81666565,0.101878956
21.83333397,0.09920831
21.85000038,0.099677734
21.86666679,0.099122703
21.88333321,0.100372657
21.89999962,0.101464957
21.91666603,0.100563802
21.93333244,0.100652926
21.95000076,0.099247023
21.96666718,0.098882914
21.98333359,0.099590145
22,0.100142971
22.01666641,0.099393539
22.03333282,0.099602841
22.04999924,0.098567925
22.06666565,0.099034026
22.08333397,0.098219901
22.10000038,0.097182669
22.11666679,0.097697295
22.13333321,0.098111354
22.14999962,0.098224021
22.16666603,0.098586179
22.18333244,0.097313821
22.20000076,0.097008802
22.21666718,0.096435003
22.23333359,0.097354926
22.25,0.097655579
22.26666641,0.096170329
22.28333282,0.097177364
22.29999924,0.095214456
22.31666565,0.096225604
22.33333397,0.096524157
22.35000038,0.097449221
22.36666679,0.094784446
22.38333321,0.096308835
22.39999962,0.096027419
22.41666603,0.095735535
22.43333244,0.095213138
22.45000076,0.095458001
22.46666718,0.095853008
22.48333359,0.094976433
22.5,0.095861308
22.51666641,0.096538283
22.53333282,0.096923985
22.54999924,0.09636829
22.56666565,0.096139483
22.58333397,0.096725643
22.60000038,0.097878933
22.61666679,0.096235551
22.63333321,0.096621022
22.64999962,0.094562195
22.66666603,0.09758123
22.68333244,0.097028352
22.70000076,0.094374485
22.71666718,0.096089035
22.73333359,0.095641956
22.75,0.094664812
22.76666641,0.09562283
22.78333282,0.095449649
22.79999924,0.096895836
22.81666565,0.094516471
22.83333397,0.093927719
22.85000038,0.093591228
22.86666679,0.093111947
22.88333321,0.096518949
22.89999962,0.095477998
22.91666603,0.094606422
22.93333244,0.09511397
22.95000076,0.095825382
22.96666718,0.094407551
22.98333359,0.095883936
23,0.093171738
23.01666641,0.094995625
23.03333282,0.09218774
23.04999924,0.093938813
23.06666565,0.095315188
23.08333397,0.095469192
23.10000038,0.093562521
23.11666679,0.095089771
23.13333321,0.094644174
23.14999962,0.094453111
23.16666603,0.096078217
23.18333244,0.092146225
23.20000076,0.092953265
23.21666718,0.093495868
23.23333359,0.094001897
23.25,0.094058342
23.26666641,0.093187332
23.28333282,0.092784546
23.29999924,0.093141489
23.31666565,0.092082702
23.33333397,0.092102475
23.35000038,0.092524171
23.36666679,0.091687232
23.38333321,0.092050448
23.39999962,0.091822334
23.41666603,0.091920458
23.43333244,0.092294812
23.45000076,0.091587529
23.46666718,0.094666995
23.48333359,0.091306441
23.5,0.092731915
23.51666641,0.092753746
23.53333282,0.091628671
23.54999924,0.092394456
23.56666565,0.091721989
23.58333397,0.092326544
23.60000038,0.0932009
23.61666679,0.092249386
23.63333321,0.091044463
23.64999962,0.092561714
23.66666603,0.091912687
23.68333244,0.09239395
23.70000076,0.091458194
23.71666718,0.093901433
23.73333359,0.090237617
23.75,0.090926871
23.76666641,0.091095477
23.78333282,0.089111909
23.79999924,0.092656679
23.81666565,0.090740532
23.83333397,0.09055768
23.85000038,0.091712177
23.86666679,0.090525828
23.88333321,0.091973402
23.89999962,0.090827562
23.91666603,0.092099115
23.93333244,0.093192011
23.95000076,0.091592036
23.96666718,0.088214561
23.98333359,0.092994757
24,0.090903737
24.01666641,0.091327235
24.03333282,0.092186838
24.04999924,0.092628226
24.06666565,0.09274108
24.08333397,0.093203694
24.10000038,0.093133852
24.11666679,0.092283003
24.13333321,0.091455191
24.14999962,0.092683271
24.16666603,0.091940805
24.18333244,0.094323367
24.20000076,0.09386342
24.21666718,0.093523957
24.23333359,0.093124457
24.25,0.092007667
24.26666641,0.092980228
24.28333282,0.093179502
24.29999924,0.092016466
24.31666565,0.0921437
24.33333397,0.093659341
24.35000038,0.091358222
24.36666679,0.092770636
24.38333321,0.095055878
24.39999962,0.091213755
24.41666603,0.09463574
24.43333244,0.092784867
24.45000076,0.092705511
24.46666718,0.090469293
24.48333359,0.093398601
24.5,0.093609981
24.51666641,0.093144149
24.53333282,0.095011026
24.54999924,0.092310153
24.56666565,0.093435615
24.58333397,0.091939718
24.60000038,0.091345668
24.61666679,0.093632013
24.63333321,0.092650332
24.64999962,0.091540352
24.66666603,0.088896103
24.68333244,0.092089199
24.70000076,0.092805892
24.71666718,0.093135521
24.73333359,0.093354277
24.75,0.091586284
24.76666641,0.089883432
24.78333282,0.090800926
24.79999924,0.090359703
24.81666565,0.092192121
24.83333397,0.09047395
24.85000038,0.090830371
24.86666679,0.092289664
24.88333321,0.092962116
24.89999962,0.091233999
24.91666603,0.089153737
24.93333244,0.090935424
24.95000076,0.091032363
24.96666718,0.08927314
24.98333359,0.090044558
25,0.087589413
25.01666641,0.090036184
25.03333282,0.089102693
25.04999924,0.090517536
25.06666565,0.088827431
25.08333397,0.090755045
25.10000038,0.090305202
25.11666679,0.087204821
25.13333321,0.088831402
25.14999962,0.08888419
25.16666603,0.088243268
25.18333244,0.088131003
25.20000076,0.087229185
25.21666718,0.087402381
25.23333359,0.088123642
25.25,0.089612573
25.26666641,0.086324632
25.28333282,0.086434409
25.29999924,0.089359403
25.31666565,0.088339545
25.33333397,0.08872889
25.35000038,0.088227883
25.36666679,0.086705759
25.38333321,0.086676933
25.39999962,0.087859966
25.41666603,0.087964267
25.43333244,0.087085359
25.45000076,0.087118067
25.46666718,0.086003438
25.48333359,0.086808242
25.5,0.087691627
25.51666641,0.085538819
25.53333282,0.087645948
25.54999924,0.086869165
25.56666565,0.087366484
25.58333397,0.087206781
25.60000038,0.086384729
25.61666679,0.086817376
25.63333321,0.086237013
25.64999962,0.08699815
25.66666603,0.086965196
25.68333244,0.084932901
25.70000076,0.087593406
25.71666718,0.088780046
25.73333359,0.082931913
25.75,0.084899157
25.76666641,0.085944504
25.78333282,0.084612489
25.79999924,0.085782327
25.81666565,0.084662348
25.83333397,0.08489003
25.85000038,0.084125504
25.86666679,0.083651118
25.88333321,0.085575737
25.89999962,0.085533492
25.91666603,0.08465448
25.93333244,0.084200449
25.95000076,0.085104302
25.96666718,0.082130723
25.98333359,0.085966617
26,0.08650855
26.01666641,0.085663825
26.03333282,0.083960213
26.04999924,0.085356288
26.06666565,0.08306773
26.08333397,0.086345382
26.10000038,0.084431566
26.11666679,0.084481031
26.13333321,0.087547645
26.14999962,0.083437353
26.16666603,0.085156418
26.18333244,0.084448673
26.20000076,0.085764728
26.21666718,0.08534734
26.23333359,0.085453726
26.25,0.083931886
26.26666641,0.085714743
26.28333282,0.084896296
26.29999924,0.0851807
26.31666565,0.085597865
26.33333397,0.086357601
26.35000038,0.083976232
26.36666679,0.08434999
26.38333321,0.08376836
26.39999962,0.084566444
26.41666603,0.08334253
26.43333244,0.083773598
26.45000076,0.08570645
26.46666718,0.085124008
26.48333359,0.084063113
26.5,0.084331632
26.51666641,0.084549427
26.53333282,0.083693713
26.54999924,0.084696695
26.56666565,0.08404015
26.58333397,0.084393367
26.60000038,0.084591351
26.61666679,0.084000915
26.63333321,0.083192207
26.64999962,0.082025088
26.66666603,0.084383465
26.68333244,0.084356904
26.70000076,0.084994227
26.71666718,0.083901547
26.73333359,0.08423464
26.75,0.08315324
26.76666641,0.08085078
26.78333282,0.083589077
26.79999924,0.082092948
26.81666565,0.08180362
26.83333397,0.082570672
26.85000038,0.082292944
26.86666679,0.08174815
26.88333321,0.082642496
26.89999962,0.082375333
26.91666603,0.083439797
26.93333244,0.082848042
26.95000076,0.082028843
26.96666718,0.084164687
26.98333359,0.082576372
27,0.082584105
27.01666641,0.080802575
27.03333282,0.082263224
27.04999924,0.082663663
27.06666565,0.081329674
27.08333397,0.081918955
27.10000038,0.082718775
27.11666679,0.082319573
27.13333321,0.084629379
27.14999962,0.082464054
27.16666603,0.082641773
27.18333244,0.081693627
27.20000076,0.082807757
27.21666718,0.081476606
27.23333359,0.081717186
27.25,0.081308849
27.26666641,0.082764663
27.28333282,0.080524452
27.29999924,0.080480799
27.31666565,0.081471324
27.33333397,0.082261942
27.35000038,0.080159888
27.36666679,0.081558928
27.38333321,0.080765128
27.39999962,0.080307983
27.41666603,0.080482639
27.43333244,0.082633168
27.45000076,0.079254322
27.46666718,0.080763981
27.48333359,0.082868688
27.5,0.07940124
27.51666641,0.080441825
27.53333282,0.079480745
27.54999924,0.081565641
27.56666565,0.081793681
27.58333397,0.080956973
27.60000038,0.079979971
27.61666679,0.080718681
27.63333321,0.079317056
27.64999962,0.080909565
27.66666603,0.083057858
27.68333244,0.081160508
27.70000076,0.082905687
27.71666718,0.079064757
27.73333359,0.084268987
27.75,0.08154241
27.76666641,0.080711856
27.78333282,0.088293925
27.79999924,0.086939104
27.81666565,0.088213772
27.83333397,0.087355658
27.85000038,0.086418398
27.86666679,0.087858446
27.88333321,0.087909944
27.89999962,0.089888237
27.91666603,0.086066432
27.93333244,0.079758763
27.95000076,0.077665441
27.96666718,0.077727295
27.98333359,0.077648602
28,0.076997764
28.01666641,0.080210663
28.03333282,0.076716505
28.04999924,0.078434147
28.06666565,0.080017813
28.08333397,0.078685492
28.10000038,0.078238145
28.11666679,0.0774839
28.13333321,0.078615464
28.14999962,0.077518962
28.16666603,0.077814706
28.18333244,0.078108542
28.20000076,0.077772379
28.21666718,0.078419141
28.23333359,0.078046948
28.25,0.077651918
28.26666641,0.079388089
28.28333282,0.079021342
28.29999924,0.075869687
28.31666565,0.077150472
28.33333397,0.085133173
28.35000038,0.088880762
28.36666679,0.087173335
28.38333321,0.087750964
28.39999962,0.08984933
28.41666603,0.089328527
28.43333244,0.088420987
28.45000076,0.087176219
28.46666718,0.077369124
28.48333359,0.08787562
28.5,0.089313328
28.51666641,0.087599076
28.53333282,0.078586556
28.54999924,0.07523188
28.56666565,0.085958444
28.58333397,0.078161314
28.60000038,0.084519453
28.61666679,0.086227037
28.63333321,0.084450275
28.64999962,0.085994639
28.66666603,0.078659743
28.68333244,0.088714667
28.70000076,0.087385699
28.71666718,0.081058137
28.73333359,0.086366318
28.75,0.078529947
28.76666641,0.084601887
28.78333282,0.081209846
28.79999924,0.085589193
28.81666565,0.085822478
28.83333397,0.086866573
28.85000038,0.081550621
28.86666679,0.085012674
28.88333321,0.080381267
28.89999962,0.084080674
28.91666603,0.086197987
28.93333244,0.083168037
28.95000076,0.082024686
28.96666718,0.080697767
28.98333359,0.079623602
29,0.081839845
29.01666641,0.083067857
29.03333282,0.078891069
29.04999924,0.079950966
29.06666565,0.082753696
29.08333397,0.080894999
29.10000038,0.082107455
29.11666679,0.081879444
29.13333321,0.080401823
29.14999962,0.082957856
29.16666603,0.081045374
29.18333244,0.079693198
29.20000076,0.080311313
29.21666718,0.081834465
29.23333359,0.08085116
29.25,0.077983961
29.26666641,0.078637026
29.28333282,0.080250837
29.29999924,0.078922823
29.31666565,0.080075301
29.33333397,0.078278445
29.35000038,0.08095295
29.36666679,0.079428248
29.38333321,0.07994549
29.39999962,0.079326808
29.41666603,0.078867108
29.43333244,0.079464301
29.45000076,0.076979466
29.46666718,0.07846389
29.48333359,0.076717094
29.5,0.078949928
29.51666641,0.076863371
29.53333282,0.078189053
29.54999924,0.077064037
29.56666565,0.080071285
29.58333397,0.07853432
29.60000038,0.077005647
29.61666679,0.080053486
29.63333321,0.07811068
29.64999962,0.078512393
29.66666603,0.078807354
29.68333244,0.077667892
29.70000076,0.077319846
29.71666718,0.079819515
29.73333359,0.076328762
29.75,0.076790333
29.76666641,0.076327778
29.78333282,0.07763619
29.79999924,0.076361202
29.81666565,0.076945223
29.83333397,0.078574955
29.85000038,0.079295926
29.86666679,0.078609325
29.88333321,0.075602315
29.89999962,0.078050166
29.91666603,0.075436354
29.93333244,0.077349074
29.95000076,0.074588187
29.96666718,0.075729728
29.98333359,0.076524086
30,0.075376578
30.01666641,0.076023944
30.03333282,0.0765227
30.04999924,0.07733921
30.06666565,0.074695684
30.08333397,0.075442478
30.10000038,0.076343611
30.11666679,0.076645285
30.13333321,0.077085763
30.14999962,0.075255647
30.16666603,0.075454831
30.18333244,0.075614825
30.20000076,0.076261461
30.21666718,0.07450895
30.23333359,0.074228592
30.25,0.077071272
30.26666641,0.075964585
30.28333282,0.077579491
30.29999924,0.077986196
30.31666565,0.075789019
30.33333397,0.077054299
30.35000038,0.076978512
30.36666679,0.076866612
30.38333321,0.075938039
30.39999962,0.075918525
30.41666603,0.077496275
30.43333244,0.076197997
30.45000076,0.075580813
30.46666718,0.07631994
30.48333359,0.075667851
30.5,0.078139655
30.51666641,0.077727698
30.53333282,0.077335067
30.54999924,0.07697653
30.56666565,0.073922604
30.58333397,0.076401874
30.60000038,0.07487683
30.61666679,0.074364543
30.63333321,0.075450674
30.64999962,0.075812787
30.66666603,0.074704662
30.68333244,0.076769792
30.70000076,0.074142613
30.71666718,0.076201178
30.73333359,0.076833494
30.75,0.074273497
30.76666641,0.075813122
30.78333282,0.073936291
30.79999924,0.074084893
30.81666565,0.075402111
30.83333397,0.073972784
30.85000038,0.074663468
30.86666679,0.074210688
30.88333321,0.076439008
30.89999962,0.074241005
30.91666603,0.075808689
30.93333244,0.076062493
30.95000076,0.073072456
30.96666718,0.076334655
30.98333359,0.075303242
31,0.074626856
31.01666641,0.074705303
31.03333282,0.074397631
31.04999924,0.0755006
31.06666565,0.076518901
31.08333397,0.074395359
31.10000038,0.074156307
31.11666679,0.073649101
31.13333321,0.073669374
31.14999962,0.075414792
31.16666603,0.074910328
31.18333244,0.074950561
31.20000076,0.074184589
31.21666718,0.074114516
31.23333359,0.074352719
31.25,0.072026804
31.26666641,0.072708547
31.28333282,0.072887525
31.29999924,0.074728362
31.31666565,0.073673755
31.33333397,0.072863862
31.35000038,0.074091673
31.36666679,0.073591813
31.38333321,0.072803155
31.39999962,0.071697541
31.41666603,0.073147595
31.43333244,0.072666101
31.45000076,0.071859024
31.46666718,0.072116651
31.48333359,0.074455701
31.5,0.073279195
31.51666641,0.071683221
31.53333282,0.072985321
31.54999924,0.07323274
31.56666565,0.071481302
31.58333397,0.072949864
31.60000038,0.071813248
31.61666679,0.07257957
31.63333321,0.070814647
31.64999962,0.072576821
31.66666603,0.073373489
31.68333244,0.07298664
31.70000076,0.073351704
31.71666718,0.072530933
31.73333359,0.0730161
31.75,0.072485901
31.76666641,0.071493238
31.78333282,0.074345745
31.79999924,0.073074907
31.81666565,0.07091561
31.83333397,0.072586581
31.85000038,0.073957346
31.86666679,0.071801819
31.88333511,0.072539926
31.90000153,0.071967535
31.91666794,0.072896741
31.93333435,0.070722513
31.95000076,0.072399408
31.96666718,0.073291205
31.98333359,0.071460553
32,0.070466265
32.01667023,0.071449935
32.03333664,0.073286667
32.05000305,0.072039947
32.06666946,0.070802517
32.08333588,0.072485171
32.10000229,0.071750857
32.1166687,0.073186323
32.13333511,0.071042657
32.15000153,0.072998829
32.16666794,0.070961207
32.18333435,0.073180005
32.20000076,0.070548691
32.21666718,0.071716718
32.23333359,0.072304092
32.25,0.073423699
32.26667023,0.073071934
32.28333664,0.073656246
32.30000305,0.072587468
32.31666946,0.07280352
32.33333588,0.073862858
32.35000229,0.072714239
32.3666687,0.072539464
32.38333511,0.073337354
32.40000153,0.072451033
32.41666794,0.073135585
32.43333435,0.073741667
32.45000076,0.073906191
32.46666718,0.073821619
32.48333359,0.074833468
32.5,0.073498935
32.51667023,0.071527787
32.53333664,0.073655598
32.55000305,0.073049977
32.56666946,0.074918173
32.58333588,0.0747656
32.60000229,0.071720012
32.6166687,0.074508801
32.63333511,0.073077634
32.65000153,0.073170632
32.66666794,0.074039303
32.68333435,0.073917821
32.70000076,0.073931843
32.71666718,0.071795955
32.73333359,0.073655941
32.75,0.073121406
32.76667023,0.075347729
32.78333664,0.074331306
32.80000305,0.073506385
32.81666946,0.072025642
32.83333588,0.071692929
32.85000229,0.072065979
32.8666687,0.07359077
32.88333511,0.072746128
32.90000153,0.072996899
32.91666794,0.071936093
32.93333435,0.072530411
32.95000076,0.073276646
32.96666718,0.074453361
32.98333359,0.073661178
33,0.07428468
33.01667023,0.072142355
33.03333664,0.073060788
33.05000305,0.074651934
33.06666946,0.073715597
33.08333588,0.072691776
33.10000229,0.07330355
33.1166687,0.072240837
33.13333511,0.073025808
33.15000153,0.07333
33.16666794,0.070765838
33.18333435,0.074639887
33.20000076,0.073259272
33.21666718,0.072434336
33.23333359,0.071744166
33.25,0.072628804
33.26667023,0.073549494
33.28333664,0.07246951
33.30000305,0.072671764
33.31666946,0.072264045
33.33333588,0.073451445
33.35000229,0.074429028
33.3666687,0.073477566
33.38333511,0.074936874
33.40000153,0.072650097
33.41666794,0.071084149
33.43333435,0.071071133
33.45000076,0.0725618
33.46666718,0.071605645
33.48333359,0.073669218
33.5,0.073331408
33.51667023,0.073654927
33.53333664,0.070941694
33.55000305,0.073884986
33.56666946,0.072292015
33.58333588,0.073058948
33.60000229,0.073154308
33.6166687,0.073071659
33.63333511,0.073000789
33.65000153,0.072939388
33.66666794,0.070912495
33.68333435,0.070148498
33.70000076,0.074121028
33.71666718,0.071003117
33.73333359,0.072354607
33.75,0.072664298
33.76667023,0.071108662
33.78333664,0.072022162
33.80000305,0.069313802
33.81666946,0.07244911
33.83333588,0.071065918
33.85000229,0.070566781
33.8666687,0.071984641
33.88333511,0.072670937
33.90000153,0.070181325
33.91666794,0.072346412
33.93333435,0.070640057
33.95000076,0.071137019
33.96666718,0.068262793
33.98333359,0.071572222
34,0.071290798
34.01667023,0.070100032
34.03333664,0.070481546
34.05000305,0.070239231
34.06666946,0.069301225
34.08333588,0.071421891
34.10000229,0.069564447
34.1166687,0.069468208
34.13333511,0.068634182
34.15000153,0.069140233
34.16666794,0.069103934
34.18333435,0.068920717
34.20000076,0.067811862
34.21666718,0.069350876
34.23333359,0.06901262
34.25,0.070102312
34.26667023,0.069169767
34.28333664,0.069126941
34.30000305,0.068765745
34.31666946,0.069020718
34.33333588,0.071391501
34.35000229,0.068448432
34.3666687,0.06901022
34.38333511,0.071153797
34.40000153,0.068929397
34.41666794,0.070520706
34.43333435,0.068615749
34.45000076,0.068947934
34.46666718,0.069263183
34.48333359,0.070388876
34.5,0.069856614
34.51667023,0.07027024
34.53333664,0.069008157
34.55000305,0.069102846
34.56666946,0.068178259
34.58333588,0.067419618
34.60000229,0.06655626
34.6166687,0.068332382
34.63333511,0.06846983
34.65000153,0.067334577
34.66666794,0.067517735
34.68333435,0.067586564
34.70000076,0.068928361
34.71666718,0.068190947
34.73333359,0.069027521
34.75,0.069231883
34.76667023,0.06928052
34.78333664,0.06889575
34.80000305,0.066776849
34.81666946,0.066757895
34.83333588,0.068191007
34.85000229,0.066949591
34.8666687,0.066552669
34.88333511,0.066790313
34.90000153,0.067290388
34.91666794,0.068618685
34.93333435,0.066193551
34.95000076,0.066756628
34.96666718,0.069151774
34.98333359,0.068832226
35,0.066440769
35.01667023,0.067544952
35.03333664,0.067340471
35.05000305,0.06591884
35.06666946,0.067100927
35.08333588,0.066090666
35.10000229,0.065211989
35.1166687,0.065277569
35.13333511,0.066888623
35.15000153,0.065871209
35.16666794,0.06599278
35.18333435,0.066022314
35.20000076,0.066053443
35.21666718,0.065443419
35.23333359,0.066730939
35.25,0.064082243
35.26667023,0.067189872
35.28333664,0.065747164
35.30000305,0.066213325
35.31666946,0.065984309
35.33333588,0.066148691
35.35000229,0.066223815
35.3666687,0.066874646
35.38333511,0.066270702
35.40000153,0.0662973
35.41666794,0.066338405
35.43333435,0.067589439
35.45000076,0.066497758
35.46666718,0.065871686
35.48333359,0.066613987
35.5,0.067248255
35.51667023,0.067736246
35.53333664,0.065407038
35.55000305,0.067682602
35.56666946,0.065171413
35.58333588,0.066129491
35.60000229,0.067323938
35.6166687,0.065170512
35.63333511,0.066442914
35.65000153,0.066375986
35.66666794,0.068490222
35.68333435,0.066434622
35.70000076,0.066405326
35.71666718,0.068255886
35.73333359,0.066249356
35.75,0.067421734
35.76667023,0.065993175
35.78333664,0.066225991
35.80000305,0.066676728
35.81666946,0.066715002
35.83333588,0.066282131
35.85000229,0.066135459
35.8666687,0.064589508
35.88333511,0.067228436
35.90000153,0.067522936
35.91666794,0.066222012
35.93333435,0.067743808
35.95000076,0.06731236
35.96666718,0.064567313
35.98333359,0.067761928
36,0.064092711
36.01667023,0.06499736
36.03333664,0.067028664
36.05000305,0.065987714
36.06666946,0.065948062
36.08333588,0.066391394
36.10000229,0.065670379
36.1166687,0.066866793
36.13333511,0.065716356
36.15000153,0.066205248
36.16666794,0.066030085
36.18333435,0.065444477
36.20000076,0.06571494
36.21666718,0.065066725
36.23333359,0.065757737
36.25,0.065611511
36.26667023,0.065103084
36.28333664,0.064871736
36.30000305,0.066236787
36.31666946,0.065051958
36.33333588,0.066148512
36.35000229,0.067068331
36.3666687,0.066214047
36.38333511,0.065528572
36.40000153,0.066304989
36.41666794,0.066497788
36.43333435,0.065422416
36.45000076,0.066008359
36.46666718,0.065475173
36.48333359,0.065290265
36.5,0.064342916
36.51667023,0.065247692
36.53333664,0.065348662
36.55000305,0.066885814
36.56666946,0.064199835
36.58333588,0.065584809
36.60000229,0.065273628
36.6166687,0.065824121
36.63333511,0.062604621
36.65000153,0.063725397
36.66666794,0.063799478
36.68333435,0.06424056
36.70000076,0.063921884
36.71666718,0.061824489
36.73333359,0.062597655
36.75,0.064240918
36.76667023,0.064762257
36.78333664,0.064899571
36.80000305,0.064625435
36.81666946,0.065237798
36.83333588,0.063088015
36.85000229,0.065493323
36.8666687,0.064026535
36.88333511,0.06497319
36.90000153,0.064257994
36.91666794,0.065437764
36.93333435,0.065890066
36.95000076,0.064970575
36.96666718,0.064577796
36.98333359,0.064364113
37,0.06502679
37.01667023,0.063595377
37.03333664,0.064352699
37.05000305,0.064617835
37.06666946,0.063481182
37.08333588,0.063890062
37.10000229,0.064634234
37.1166687,0.064125746
37.13333511,0.062536217
37.15000153,0.062789924
37.16666794,0.063814528
37.18333435,0.064498238
37.20000076,0.064198904
37.21666718,0.063666858
37.23333359,0.065016694
37.25,0.064334452
37.26667023,0.063329913
37.28333664,0.062495559
37.30000305,0.063374147
37.31666946,0.063622884
37.33333588,0.063541979
37.35000229,0.060664188
37.3666687,0.063137047
37.38333511,0.06397602
37.40000153,0.06507466
37.41666794,0.064175285
37.43333435,0.064334206
37.45000076,0.06423822
37.46666718,0.064215079
37.48333359,0.063894205
37.5,0.06292434
37.51667023,0.06348855
37.53333664,0.062807329
37.55000305,0.062861718
37.56666946,0.064539351
37.58333588,0.064078189
37.60000229,0.064924821
37.6166687,0.059051398
37.63333511,0.063354112
37.65000153,0.063574038
37.66666794,0.064062774
37.68333435,0.063852966
37.70000076,0.065711722
37.71666718,0.063223869
37.73333359,0.063342817
37.75,0.064266279
37.76667023,0.062909558
37.78333664,0.06524583
37.80000305,0.062313616
37.81666946,0.062968746
37.83333588,0.063355818
37.85000229,0.064123973
37.8666687,0.062091485
37.88333511,0.063841902
37.90000153,0.064491302
37.91666794,0.063020281
37.93333435,0.06458053
37.95000076,0.062548712
37.96666718,0.063311972
37.98333359,0.062926821
38,0.063010283
38.01667023,0.062341195
38.03333664,0.062598281
38.05000305,0.063500866
38.06666946,0.061708372
38.08333588,0.062210899
38.10000229,0.062878802
38.1166687,0.06215525
38.13333511,0.063281097
38.15000153,0.064387403
38.16666794,0.064948834
38.18333435,0.063134141
38.20000076,0.061898962
38.21666718,0.062775619
38.23333359,0.063331649
38.25,0.064822629
38.26667023,0.066553451
38.28333664,0.063213274
38.30000305,0.06567125
38.31666946,0.062309131
38.33333588,0.061886601
38.35000229,0.06404864
38.3666687,0.05974276
38.38333511,0.067240283
38.40000153,0.065908082
38.41666794,0.06779255
38.43333435,0.063321285
38.45000076,0.069200642
38.46666718,0.069561534
38.48333359,0.067438751
38.5,0.070128754
38.51667023,0.068658434
38.53333664,0.069825366
38.55000305,0.070344403
38.56666946,0.061847799
38.58333588,0.058033958
38.60000229,0.06098105
38.6166687,0.060241114
38.63333511,0.059983425
38.65000153,0.060387567
38.66666794,0.067892328
38.68333435,0.06853684
38.70000076,0.068522923
38.71666718,0.069520272
38.73333359,0.07023719
38.75,0.069568336
38.76667023,0.068941258
38.78333664,0.070902988
38.80000305,0.06998226
38.81666946,0.068494678
38.83333588,0.070299149
38.85000229,0.066662028
38.8666687,0.071510419
38.88333511,0.068373494
38.90000153,0.070934899
38.91666794,0.06939321
38.93333435,0.069188625
38.95000076,0.069876835
38.96666718,0.071122967
38.98333359,0.072616592
39,0.067973085
39.01667023,0.070953123
39.03333664,0.071545884
39.05000305,0.070074514
39.06666946,0.0701795
39.08333588,0.06904342
39.10000229,0.06814906
39.1166687,0.058334369
39.13333511,0.059361979
39.15000153,0.059634771
39.16666794,0.059941344
39.18333435,0.057063501
39.20000076,0.060201742
39.21666718,0.061237186
39.23333359,0.059214123
39.25,0.067634992
39.26667023,0.069179758
39.28333664,0.069938928
39.30000305,0.071926445
39.31666946,0.071447492
39.33333588,0.070350893
39.35000229,0.070247807
39.3666687,0.069766298
39.38333511,0.060946971
39.40000153,0.059127651
39.41666794,0.067534365
39.43333435,0.070741951
39.45000076,0.06983114
39.46666718,0.068214603
39.48333359,0.07108058
39.5,0.069880821
39.51667023,0.058769457
39.53333664,0.069691375
39.55000305,0.070012093
39.56666946,0.070997261
39.58333588,0.067999117
39.60000229,0.069349661
39.6166687,0.058293395
39.63333511,0.06867253
39.65000153,0.069295518
39.66666794,0.067382701
39.68333435,0.059436001
39.70000076,0.070316464
39.71666718,0.061295904
39.73333359,0.059495814
39.75,0.069069825
39.76667023,0.069274329
39.78333664,0.058660053
39.80000305,0.059650451
39.81666946,0.057773732
39.83333588,0.059889402
39.85000229,0.067412756
39.8666687,0.070584476
39.88333511,0.063042216
39.90000153,0.061481155
39.91666794,0.064149663
39.93333435,0.060114272
39.95000076,0.0557446
39.96666718,0.067379467
39.98333359,0.060097326
40,0.071322978
40.01667023,0.06681063
40.03333664,0.068865113
40.05000305,0.060013413
40.06666946,0.066834487
40.08333588,0.061757073
40.10000229,0.064593174
40.1166687,0.060385425
40.13333511,0.060687583
40.15000153,0.068937436
40.16666794,0.063599959
40.18333435,0.064436436
40.20000076,0.065918326
40.21666718,0.061157044
40.23333359,0.068127647
40.25,0.05932444
40.26667023,0.06321986
40.28333664,0.060578529
40.30000305,0.069739059
40.31666946,0.065709189
40.33333588,0.065850332
40.35000229,0.064124487
40.3666687,0.063681394
40.38333511,0.067491338
40.40000153,0.064518116
40.41666794,0.058575705
40.43333435,0.066032015
40.45000076,0.06772393
40.46666718,0.063301429
40.48333359,0.056616049
40.5,0.05981655
40.51667023,0.05893869
40.53333664,0.065516502
40.55000305,0.060683478
40.56666946,0.059495132
40.58333588,0.063107289
40.60000229,0.059854727
40.6166687,0.062743619
40.63333511,0.060015284
40.65000153,0.058442686
40.66666794,0.062650912
40.68333435,0.056201316
40.70000076,0.062616043
40.71666718,0.061821204
40.73333359,0.059240971
40.75,0.058944322
40.76667023,0.060450308
40.78333664,0.060598139
40.80000305,0.059755325
40.81666946,0.058779981
40.83333588,0.057504646
40.85000229,0.059411038
40.8666687,0.057960354
40.88333511,0.058095798
40.90000153,0.058051001
40.91666794,0.056998145
40.93333435,0.057325605
40.95000076,0.055235352
40.96666718,0.058406141
40.98333359,0.058764953
41,0.058204915
41.01667023,0.05676733
41.03333664,0.057027664
41.05000305,0.058321431
41.06666946,0.05804674
41.08333588,0.057988662
41.10000229,0.057685152
41.1166687,0.056891076
41.13333511,0.058371913
41.15000153,0.056571078
41.16666794,0.057307027
41.18333435,0.058394477
41.20000076,0.058559384
41.21666718,0.056755766
41.23333359,0.057887971
41.25,0.05932812
41.26667023,0.058797169
41.28333664,0.058459625
41.30000305,0.057387702
41.31666946,0.056345735
41.33333588,0.059183419
41.35000229,0.058375672
41.3666687,0.055528685
41.38333511,0.055663198
41.40000153,0.055593759
41.41666794,0.055883359
41.43333435,0.05756535
41.45000076,0.055353839
41.46666718,0.058052186
41.48333359,0.055649426
41.5,0.056981646
41.51667023,0.057638977
41.53333664,0.057680923
41.55000305,0.057057124
41.56666946,0.056659609
41.58333588,0.056483775
41.60000229,0.058113139
41.6166687,0.056363892
41.63333511,0.057047766
41.65000153,0.055289917
41.66666794,0.057168785
41.68333435,0.05690999
41.70000076,0.055972572
41.71666718,0.055998221
41.73333359,0.055708252
41.75,0.056660023
41.76667023,0.054095726
41.78333664,0.055739887
41.80000305,0.054244813
41.81666946,0.055336636
41.83333588,0.056783054
41.85000229,0.054851279
41.8666687,0.054605544
41.88333511,0.053720683
41.90000153,0.054394066
41.91666794,0.056929026
41.93333435,0.054990694
41.95000076,0.054439489
41.96666718,0.055840701
41.98333359,0.055201579
42,0.054532368
42.01667023,0.055633362
42.03333664,0.055943452
42.05000305,0.056129318
42.06666946,0.055571046
42.08333588,0.054240942
42.10000229,0.055328816
42.1166687,0.053838931
42.13333511,0.053995758
42.15000153,0.055875763
42.16666794,0.053470962
42.18333435,0.05450625
42.20000076,0.05434607
42.21666718,0.055380184
42.23333359,0.054529816
42.25,0.05499319
42.26667023,0.054675411
42.28333664,0.053121645
42.30000305,0.054531079
42.31666946,0.054770134
42.33333588,0.052927088
42.35000229,0.054297637
42.3666687,0.054510064
42.38333511,0.053319972
42.40000153,0.054350588
42.41666794,0.054121938
42.43333435,0.05333326
42.45000076,0.054221611
42.46666718,0.053013682
42.48333359,0.052172188
42.5,0.052224822
42.51667023,0.05251338
42.53333664,0.052727245
42.55000305,0.051570151
42.56666946,0.054664459
42.58333588,0.051876564
42.60000229,0.051344588
42.6166687,0.05131438
42.63333511,0.054666135
42.65000153,0.051372997
42.66666794,0.05230774
42.68333435,0.053665407
42.70000076,0.051142298
42.71666718,0.051736306
42.73333359,0.052544493
42.75,0.051598106
42.76667023,0.05060171
42.78333664,0.050627977
42.80000305,0.050619423
42.81666946,0.050933898
42.83333588,0.051683441
42.85000229,0.050450757
42.8666687,0.049684126
42.88333511,0.050624106
42.90000153,0.050627887
42.91666794,0.049799509
42.93333435,0.050245192
42.95000076,0.048488759
42.96666718,0.047774062
42.98333359,0.050139595
43,0.048635963
43.01667023,0.047964673
43.03333664,0.049403559
43.05000305,0.048571225
43.06666946,0.04822791
43.08333588,0.048607357
43.10000229,0.048194069
43.1166687,0.047531519
43.13333511,0.0473019
43.15000153,0.046888869
43.16666794,0.047544658
43.18333435,0.045811292
43.20000076,0.046733897
43.21666718,0.047630012
43.23333359,0.044983856
43.25,0.047547113
43.26667023,0.046817705
43.28333664,0.047645696
43.30000305,0.045405854
43.31666946,0.046643417
43.33333588,0.045665588
43.35000229,0.047003482
43.3666687,0.047308654
43.38333511,0.044148222
43.40000153,0.045310996
43.41666794,0.046773504
43.43333435,0.047602829
43.45000076,0.047031924
43.46666718,0.04655074
43.48333359,0.048076015
43.5,0.044613928
43.51667023,0.046294767
43.53333664,0.045575045
43.55000305,0.045678269
43.56666946,0.047006942
43.58333588,0.046666216
43.60000229,0.04637558
43.6166687,0.04580361
43.63333511,0.047699779
43.65000153,0.045748759
43.66666794,0.044571474
43.68333435,0.045631312
43.70000076,0.043608282
43.71666718,0.045464426
43.73333359,0.045082491
43.75,0.045473654
43.76667023,0.045613687
43.78333664,0.043757733
43.80000305,0.046666589
43.81666946,0.045509011
43.83333588,0.04515297
43.85000229,0.044384956
43.8666687,0.046087358
43.88333511,0.045933217
43.90000153,0.044749666
43.91666794,0.045075569
43.93333435,0.046283938
43.95000076,0.045747261
43.96666718,0.045235265
43.98333359,0.045871615
44,0.045536462
44.01667023,0.047336362
44.03333664,0.045972582
44.05000305,0.04560693
44.06666946,0.045966826
44.08333588,0.044813748
44.10000229,0.045675077
44.1166687,0.044209521
44.13333511,0.046213131
44.15000153,0.04497467
44.16666794,0.044689354
44.18333435,0.044266015
44.20000076,0.04607233
44.21666718,0.044422403
44.23333359,0.044961404
44.25,0.044096045
44.26667023,0.04572434
44.28333664,0.043911017
44.30000305,0.045436837
44.31666946,0.043995544
44.33333588,0.04467449
44.35000229,0.04420723
44.3666687,0.044372741
44.38333511,0.045739871
44.40000153,0.045762535
44.41666794,0.045708407
44.43333435,0.042023215
44.45000076,0.043553393
44.46666718,0.043052547
44.48333359,0.044546206
44.5,0.043688197
44.51667023,0.045435052
44.53333664,0.04322926
44.55000305,0.046060041
44.56666946,0.045630708
44.58333588,0.045338985
44.60000229,0.041977648
44.6166687,0.045313295
44.63333511,0.045895323
44.65000153,0.04445624
44.66666794,0.044805426
44.68333435,0.04502767
44.70000076,0.044583179
44.71666718,0.043494646
44.73333359,0.046125125
44.75,0.043881834
44.76667023,0.043898616
44.78333664,0.044403791
44.80000305,0.042259336
44.81666946,0.045012683
44.83333588,0.045054376
44.85000229,0.044483196
44.8666687,0.042409465
44.88333511,0.041697856
44.90000153,0.044332203
44.91666794,0.043817144
44.93333435,0.044452082
44.95000076,0.045993533
44.96666718,0.045591835
44.98333359,0.045769237
45,0.043521456
45.01667023,0.044893369
45.03333664,0.045137629
45.05000305,0.045141481
45.06666946,0.04284931
45.08333588,0.043277618
45.10000229,0.04330793
45.1166687,0.044271346
45.13333511,0.043232374
45.15000153,0.044233512
45.16666794,0.045169052
45.18333435,0.044089567
45.20000076,0.043639537
45.21666718,0.043252621
45.23333359,0.041838728
45.25,0.044453714
45.26667023,0.041835733
45.28333664,0.043919008
45.30000305,0.044012357
45.31666946,0.04325591
45.33333588,0.043355867
45.35000229,0.041681901
45.3666687,0.042421736
45.38333511,0.040872157
45.40000153,0.043439541
45.41666794,0.041217417
45.43333435,0.042701341
45.45000076,0.042052332
45.46666718,0.043288913
45.48333359,0.042069983
45.5,0.043546237
45.51667023,0.040346581
45.53333664,0.043635271
45.55000305,0.041978505
45.56666946,0.043723207
45.58333588,0.041885961
45.60000229,0.04272496
45.6166687,0.043560173
45.63333511,0.041708171
45.65000153,0.042164564
45.66666794,0.042058319
45.68333435,0.042570267
45.70000076,0.043444719
45.71666718,0.042293318
45.73333359,0.043319602
45.75,0.04206622
45.76667023,0.041045278
45.78333664,0.042434637
45.80000305,0.042376071
45.81666946,0.043786939
45.83333588,0.041354518
45.85000229,0.043895751
45.8666687,0.045064799
45.88333511,0.041333705
45.90000153,0.043307129
45.91666794,0.042608727
45.93333435,0.042887282
45.95000076,0.041334871
45.96666718,0.040084444
45.98333359,0.040566217
46,0.04289791
46.01667023,0.040677015
46.03333664,0.0430707
46.05000305,0.042339999
46.06666946,0.041922137
46.08333588,0.041350875
46.10000229,0.042377129
46.1166687,0.041331626
46.13333511,0.042368595
46.15000153,0.041171424
46.16666794,0.041824248
46.18333435,0.042452421
46.20000076,0.042086583
46.21666718,0.04167603
46.23333359,0.042044658
46.25,0.041182183
46.26667023,0.041221544
46.28333664,0.041630641
46.30000305,0.040836722
46.31666946,0.042347789
46.33333588,0.04091078
46.35000229,0.042497493
46.3666687,0.041970007
46.38333511,0.040662374
46.40000153,0.042746641
46.41666794,0.041852608
46.43333435,0.041178171
46.45000076,0.04052623
46.46666718,0.041424681
46.48333359,0.041442536
46.5,0.041186225
46.51667023,0.040519722
46.53333664,0.041005846
46.55000305,0.041420292
46.56666946,0.041656796
46.58333588,0.041349765
46.60000229,0.039458778
46.6166687,0.040014073
46.63333511,0.039919481
46.65000153,0.042204984
46.66666794,0.041077375
46.68333435,0.040115416
46.70000076,0.04128135
46.71666718,0.042398818
46.73333359,0.040351495
46.75,0.041136108
46.76667023,0.039938152
46.78333664,0.040337406
46.80000305,0.04126114
46.81666946,0.042895023
46.83333588,0.042359177
46.85000229,0.042053498
46.8666687,0.041720595
46.88333511,0.041123956
46.90000153,0.041957747
46.91666794,0.04126766
46.93333435,0.040158235
46.95000076,0.039685167
46.96666718,0.040227264
46.98333359,0.043005157
47,0.042798743
47.01667023,0.043257084
47.03333664,0.043788455
47.05000305,0.041090947
47.06666946,0.043418858
47.08333588,0.044154871
47.10000229,0.041832171
47.1166687,0.042910483
47.13333511,0.041832458
47.15000153,0.042654131
47.16666794,0.042280134
47.18333435,0.042420052
47.20000076,0.043397717
47.21666718,0.042689059
47.23333359,0.043211471
47.25,0.042067558
47.26667023,0.042508371
47.28333664,0.042825766
47.30000305,0.041728146
47.31666946,0.042135496
47.33333588,0.042500235
47.35000229,0.042426303
47.3666687,0.041872989
47.38333511,0.043065526
47.40000153,0.042470802
47.41666794,0.043299839
47.43333435,0.044532008
47.45000076,0.041503254
47.46666718,0.042531922
47.48333359,0.043005988
47.5,0.042668838
47.51667023,0.042473257
47.53333664,0.042967062
47.55000305,0.04184537
47.56666946,0.044554636
47.58333588,0.041576345
47.60000229,0.043328609
47.6166687,0.042087294
47.63333511,0.042662043
47.65000153,0.04248425
47.66666794,0.044283871
47.68333435,0.043253738
47.70000076,0.043102086
47.71666718,0.041321691
47.73333359,0.043323003
47.75,0.044022702
47.76667023,0.043139279
47.78333664,0.042931743
47.80000305,0.041440997
47.81666946,0.043937024
47.83333588,0.042554278
47.85000229,0.043397803
47.8666687,0.043435022
47.88333511,0.042453848
47.90000153,0.042781658
47.91666794,0.043560546
47.93333435,0.043588392
47.95000076,0.043471813
47.96666718,0.043672454
47.98333359,0.043846555
48,0.044391319
48.01667023,0.044235576
48.03333664,0.043807007
48.05000305,0.04366209
48.06666946,0.042512026
48.08333588,0.043095883
48.10000229,0.041163027
48.1166687,0.042582914
48.13333511,0.042215683
48.15000153,0.04221534
48.16666794,0.042129308
48.18333435,0.043474503
48.20000076,0.043439113
48.21666718,0.043008987
48.23333359,0.04231897
48.25,0.041713584
48.26667023,0.042721219
48.28333664,0.044260312
48.30000305,0.043523144
48.31666946,0.044367667
48.33333588,0.04314734
48.35000229,0.041544154
48.3666687,0.042501032
48.38333511,0.043192342
48.40000153,0.042201221
48.41666794,0.043625828
48.43333435,0.042662643
48.45000076,0.043241382
48.46666718,0.043611746
48.48333359,0.043541603
48.5,0.043094769
48.51667023,0.043425694
48.53333664,0.042085186
48.55000305,0.039447494
48.56666946,0.042250462
48.58333588,0.04386279
48.60000229,0.04234565
48.6166687,0.04233586
48.63333511,0.043616898
48.65000153,0.042170439
48.66666794,0.042184789
48.68333435,0.042018197
48.70000076,0.044191752
48.71666718,0.043829773
48.73333359,0.043542888
48.75,0.043095198
48.76667023,0.042989582
48.78333664,0.042138319
48.80000305,0.044562295
48.81666946,0.042575236
48.83333588,0.042802855
48.85000229,0.041803956
48.8666687,0.043044142
48.88333511,0.042388972
48.90000153,0.042777002
48.91666794,0.043531243
48.93333435,0.042483792
48.95000076,0.043361962
48.96666718,0.042333037
48.98333359,0.043622248
49,0.042760294
49.01667023,0.042717278
49.03333664,0.042374302
49.05000305,0.04222624
49.06666946,0.042313006
49.08333588,0.04159959
49.10000229,0.040901423
49.1166687,0.043450955
49.13333511,0.042827196
49.15000153,0.041768443
49.16666794,0.042336117
49.18333435,0.042688318
49.20000076,0.041684348
49.21666718,0.04251568
49.23333359,0.041821741
49.25,0.042417511
49.26667023,0.040300936
49.28333664,0.042836767
49.30000305,0.041661356
49.31666946,0.040822759
49.33333588,0.041947626
49.35000229,0.043017905
49.3666687,0.04210161
49.38333511,0.041735642
49.40000153,0.041164339
49.41666794,0.041860875
49.43333435,0.041644461
49.45000076,0.04329649
49.46666718,0.040210508
49.48333359,0.040299486
49.5,0.040909357
49.51667023,0.042354181
49.53333664,0.042719219
49.55000305,0.04046616
49.56666946,0.041124981
49.58333588,0.039783116
49.60000229,0.041734673
49.6166687,0.039794266
49.63333511,0.040595576
49.65000153,0.040594552
49.66666794,0.040563401
49.68333435,0.041295841
49.70000076,0.041974455
49.71666718,0.039338514
49.73333359,0.039640669
49.75,0.040445987
49.76667023,0.040848181
49.78333664,0.041511059
49.80000305,0.040242683
49.81666946,0.039410219
49.83333588,0.041755278
49.85000229,0.040287983
49.8666687,0.041375987
49.88333511,0.042282674
49.90000153,0.040368851
49.91666794,0.040740725
49.93333435,0.040859472
49.95000076,0.038600087
49.96666718,0.040337153
49.98333359,0.039150063
50,0.040493123
50.01667023,0.039355349
50.03333664,0.039359342
50.05000305,0.039373316
50.06666946,0.041584205
50.08333588,0.038755804
50.10000229,0.041048069
50.1166687,0.038605489
50.13333511,0.040440816
50.15000153,0.038113199
50.16666794,0.041123357
50.18333435,0.039196976
50.20000076,0.038703166
50.21666718,0.038444422
50.23333359,0.039642993
50.25,0.039267585
50.26667023,0.041178226
50.28333664,0.039114628
50.30000305,0.040509976
50.31666946,0.039021246
50.33333588,0.040147558
50.35000229,0.0403434
50.3666687,0.038990635
50.38333511,0.039969597
50.40000153,0.03915168
50.41666794,0.03985342
50.43333435,0.038445298
50.45000076,0.039743628
50.46666718,0.039728452
50.48333359,0.039500054
50.5,0.037987147
50.51667023,0.040040586
50.53333664,0.040127058
50.55000305,0.038283046
50.56666946,0.039772138
50.58333588,0.037848197
50.60000229,0.037718635
50.6166687,0.038808137
50.63333511,0.039103098
50.65000153,0.039449085
50.66666794,0.037183017
50.68333435,0.038532726
50.70000076,0.039090212
50.71666718,0.038335525
50.73333359,0.037514493
50.75,0.037572376
50.76667023,0.037001137
50.78333664,0.038189508
50.80000305,0.038548995
50.81666946,0.037628692
50.83333588,0.038052808
50.85000229,0.037372701
50.8666687,0.038546816
50.88333511,0.03830985
50.90000153,0.037866302
50.91666794,0.038134281
50.93333435,0.03890238
50.95000076,0.037113763
50.96666718,0.03784636
50.98333359,0.037204392
51,0.037094675
51.01667023,0.03907891
51.03333664,0.036953446
51.05000305,0.037581891
51.06666946,0.03631755
51.08333588,0.037757631
51.10000229,0.037159272
51.1166687,0.037429467
51.13333511,0.039659388
51.15000153,0.037014272
51.16666794,0.03863899
51.18333435,0.038169045
51.20000076,0.037192378
51.21666718,0.038467698
51.23333359,0.037381675
51.25,0.037332952
51.26667023,0.036976725
51.28333664,0.038043145
51.30000305,0.037665222
51.31666946,0.036814205
51.33333588,0.039992474
51.35000229,0.037294984
51.3666687,0.037382521
51.38333511,0.03620572
51.40000153,0.036913
51.41666794,0.037309229
51.43333435,0.037548218
51.45000076,0.036587365
51.46666718,0.036754478
51.48333359,0.038945641
51.5,0.037393976
51.51667023,0.036615387
51.53333664,0.037693594
51.55000305,0.037230846
51.56666946,0.037208002
51.58333588,0.03811625
51.60000229,0.037627392
51.6166687,0.038858753
51.63333511,0.036963958
51.65000153,0.039181057
51.66666794,0.03676673
51.68333435,0.037344746
51.70000076,0.039075285
51.71666718,0.037574157
51.73333359,0.037793096
51.75,0.037710786
51.76667023,0.036785353
51.78333664,0.038524695
51.80000305,0.036347214
51.81666946,0.03737792
51.83333588,0.037793748
51.85000229,0.038952917
51.8666687,0.038622465
51.88333511,0.038984347
51.90000153,0.037739981
51.91666794,0.036761295
51.93333435,0.037530523
51.95000076,0.037743203
51.96666718,0.037325505
51.98333359,0.038002402
52,0.036229301
52.01667023,0.037216123
52.03333664,0.037037387
52.05000305,0.037141874
52.06666946,0.036041435
52.08333588,0.037712932
52.10000229,0.036909789
52.1166687,0.036550615
52.13333511,0.038003083
52.15000153,0.037970901
52.16666794,0.037628323
52.18333435,0.038499944
52.20000076,0.037131611
52.21666718,0.036439486
52.23333359,0.038250055
52.25,0.03838956
52.26667023,0.03759044
52.28333664,0.036285188
52.30000305,0.037249997
52.31666946,0.037240662
52.33333588,0.03846442
52.35000229,0.036877297
52.3666687,0.037446257
52.38333511,0.038360432
52.40000153,0.037734278
52.41666794,0.036486305
52.43333435,0.036235772
52.45000076,0.037092872
52.46666718,0.03710223
52.48333359,0.03763188
52.5,0.037679955
52.51667023,0.038847514
52.53333664,0.036882088
52.55000305,0.036125176
52.56666946,0.038226426
52.58333588,0.03692453
52.60000229,0.038224615
52.6166687,0.0372927
52.63333511,0.036010582
52.65000153,0.037090868
52.66666794,0.036636058
52.68333435,0.037940308
52.70000076,0.037782479
52.71666718,0.037937481
52.73333359,0.037079029
52.75,0.037785672
52.76667023,0.035160694
52.78333664,0.035579797
52.80000305,0.036246747
52.81666946,0.03605308
52.83333588,0.036677066
52.85000229,0.037466999
52.8666687,0.035189439
52.88333511,0.036266219
52.90000153,0.036037132
52.91666794,0.036243875
52.93333435,0.035919584
52.95000076,0.034847029
52.96666718,0.035517879
52.98333359,0.037094168
53,0.03622615
53.01667023,0.036296219
53.03333664,0.037539467
53.05000305,0.034746233
53.06666946,0.03516075
53.08333588,0.034700442
53.10000229,0.037132882
53.1166687,0.035974108
53.13333511,0.035522234
53.15000153,0.037995141
53.16666794,0.036624454
53.18333435,0.036128324
53.20000076,0.036305647
53.21666718,0.03670853
53.23333359,0.036444694
53.25,0.036907166
53.26667023,0.036644027
53.28333664,0.037196722
53.30000305,0.036820967
53.31666946,0.038075104
53.33333588,0.036826406
53.35000229,0.034678068
53.3666687,0.036701038
53.38333511,0.036422879
53.40000153,0.036239091
53.41666794,0.038773835
53.43333435,0.037307817
53.45000076,0.038678773
53.46666718,0.037738711
53.48333359,0.037587535
53.5,0.036852442
53.51667023,0.035014287
53.53333664,0.03836247
53.55000305,0.037121601
53.56666946,0.037878193
53.58333588,0.03858079
53.60000229,0.036242947
53.6166687,0.03659739
53.63333511,0.038825095
53.65000153,0.037815861
53.66666794,0.034762412
53.68333435,0.037809309
53.70000076,0.035874736
53.71666718,0.038660154
53.73333359,0.038422506
53.75,0.036658533
53.76667023,0.038229391
53.78333664,0.038064253
53.80000305,0.03674287
53.81666946,0.036122475
53.83333588,0.037450094
53.85000229,0.035709873
53.8666687,0.035921074
53.88333511,0.036888514
53.90000153,0.03848942
53.91666794,0.036251981
53.93333435,0.037057884
53.95000076,0.038232811
53.96666718,0.039690275
53.98333359,0.039385814
54,0.038489278
54.01667023,0.037660025
54.03333664,0.037720304
54.05000305,0.038432941
54.06666946,0.038547777
54.08333588,0.036487065
54.10000229,0.038479324
54.1166687,0.037306126
54.13333511,0.037904829
54.15000153,0.036760844
54.16666794,0.036137439
54.18333435,0.038850173
54.20000076,0.038309
54.21666718,0.037073445
54.23333359,0.037073303
54.25,0.038248841
54.26667023,0.038581245
54.28333664,0.037455145
54.30000305,0.037513815
54.31666946,0.037255298
54.33333588,0.037463047
54.35000229,0.037282236
54.3666687,0.037146837
54.38333511,0.038910646
54.40000153,0.037767429
54.41666794,0.037562132
54.43333435,0.03723155
54.45000076,0.038938761
54.46666718,0.037267707
54.48333359,0.038145188
54.5,0.037952483
54.51667023,0.037591234
54.53333664,0.037693452
54.55000305,0.037790585
54.56666946,0.03688651
54.58333588,0.038118172
54.60000229,0.039509326
54.6166687,0.037811652
54.63333511,0.036903899
54.65000153,0.037708558
54.66666794,0.03804275
54.68333435,0.036943156
54.70000076,0.038566619
54.71666718,0.037281785
54.73333359,0.034828234
54.75,0.039244972
54.76667023,0.037576217
54.78333664,0.037750572
54.80000305,0.041046247
54.81666946,0.035736181
54.83333588,0.037768446
54.85000229,0.037440248
54.8666687,0.037830517
54.88333511,0.039521035
54.90000153,0.03795271
54.91666794,0.038924407
54.93333435,0.041046161
54.95000076,0.036537323
54.96666718,0.036911789
54.98333359,0.038434353
55,0.038849976
55.01667023,0.03722794
55.03333664,0.037923217
55.05000305,0.036654364
55.06666946,0.038228147
55.08333588,0.038047668
55.10000229,0.037631541
55.1166687,0.038224868
55.13333511,0.038247146
55.15000153,0.037850995
55.16666794,0.037777226
55.18333435,0.036930248
55.20000076,0.038010258
55.21666718,0.037361842
55.23333359,0.038222041
55.25,0.038044956
55.26667023,0.037236966
55.28333664,0.036751267
55.30000305,0.036547545
55.31666946,0.035587553
55.33333588,0.036799159
55.35000229,0.037708584
55.3666687,0.037812639
55.38333511,0.036333904
55.40000153,0.037286974
55.41666794,0.037972372
55.43333435,0.038049646
55.45000076,0.038335267
55.46666718,0.036385044
55.48333359,0.036428507
55.5,0.038113706
55.51667023,0.037257019
55.53333664,0.036659293
55.55000305,0.038926303
55.56666946,0.037324093
55.58333588,0.037276961
55.60000229,0.037568737
55.6166687,0.037119966
55.63333511,0.038332835
55.65000153,0.039506376
55.66666794,0.038219724
55.68333435,0.038604982
55.70000076,0.039102588
55.71666718,0.035973743
55.73333359,0.036951613
55.75,0.036502693
55.76667023,0.036617272
55.78333664,0.036687374
55.80000305,0.037532836
55.81666946,0.037276
55.83333588,0.038935959
55.85000229,0.036433432
55.8666687,0.038248897
55.88333511,0.036271621
55.90000153,0.036819786
55.91666794,0.036276996
55.93333435,0.036827616
55.95000076,0.036789861
55.96666718,0.036909986
55.98333359,0.034840632
56,0.03576915
56.01667023,0.036253076
56.03333664,0.035536025
56.05000305,0.037210371
56.06666946,0.037052669
56.08333588,0.036171142
56.10000229,0.036711149
56.1166687,0.037656583
56.13333511,0.037592955
56.15000153,0.036587477
56.16666794,0.036479294
56.18333435,0.036705967
56.20000076,0.036275785
56.21666718,0.037485622
56.23333359,0.037998363
56.25,0.037812021
56.26667023,0.03549771
56.28333664,0.036986027
56.30000305,0.037784401
56.31666946,0.037889831
56.33333588,0.038679197
56.35000229,0.037428934
56.3666687,0.037339047
56.38333511,0.037766047
56.40000153,0.03734858
56.41666794,0.038360633
56.43333435,0.036080897
56.45000076,0.038874689
56.46666718,0.03803286
56.48333359,0.038210567
56.5,0.037833456
56.51667023,0.03549403
56.53333664,0.037413754
56.55000305,0.038270805
56.56666946,0.035959851
56.58333588,0.038275529
56.60000229,0.036257919
56.6166687,0.036841199
56.63333511,0.03528079
56.65000153,0.037857376
56.66666794,0.03664631
56.68333435,0.037104767
56.70000076,0.037125662
56.71666718,0.035949446
56.73333359,0.035806198
56.75,0.03908721
56.76667023,0.036740899
56.78333664,0.037461776
56.80000305,0.039191026
56.81666946,0.037157327
56.83333588,0.036413699
56.85000229,0.038223341
56.8666687,0.037692409
56.88333511,0.037969347
56.90000153,0.037321754
56.91666794,0.036772903
56.93333435,0.036478478
56.95000076,0.036351409
56.96666718,0.037320994
56.98333359,0.036899503
57,0.035899956
57.01667023,0.035772521
57.03333664,0.036085173
57.05000305,0.037111055
57.06666946,0.03630393
57.08333588,0.036154628
57.10000229,0.035339221
57.1166687,0.037557475
57.13333511,0.037469961
57.15000153,0.037730042
57.16666794,0.038826313
57.18333435,0.037830856
57.20000076,0.039951179
57.21666718,0.038552076
57.23333359,0.035872769
57.25,0.036552247
57.26667023,0.037050243
57.28333664,0.038997348
57.30000305,0.037236091
57.31666946,0.038198806
57.33333588,0.037133839
57.35000229,0.035695288
57.3666687,0.037281699
57.38333511,0.037219115
57.40000153,0.034796204
57.41666794,0.036206454
57.43333435,0.03837163
57.45000076,0.037987374
57.46666718,0.037630185
57.48333359,0.037802588
57.5,0.035702314
57.51667023,0.038442839
57.53333664,0.035900548
57.55000305,0.037678178
57.56666946,0.037335012
57.58333588,0.038028169
57.60000229,0.036891751
57.6166687,0.037742723
57.63333511,0.037715279
57.65000153,0.035916351
57.66666794,0.037417676
57.68333435,0.036201362
57.70000076,0.037670895
57.71666718,0.036223672
57.73333359,0.035284355
57.75,0.037435818
57.76667023,0.037427466
57.78333664,0.038364422
57.80000305,0.03707945
57.81666946,0.036774509
57.83333588,0.037219875
57.85000229,0.035750795
57.8666687,0.037380688
57.88333511,0.036805894
57.90000153,0.037199542
57.91666794,0.037372954
57.93333435,0.037882965
57.95000076,0.036506265
57.96666718,0.037244327
57.98333359,0.036721066
58,0.036853146
58.01667023,0.036460318
58.03333664,0.038379435
58.05000305,0.036783129
58.06666946,0.038579009
58.08333588,0.036459476
58.10000229,0.037504472
58.1166687,0.037199061
58.13333511,0.038037013
58.15000153,0.037967145
58.16666794,0.037430428
58.18333435,0.037354648
58.20000076,0.036943018
58.21666718,0.037997205
58.23333359,0.038054504
58.25,0.036951192
58.26667023,0.03633016
58.28333664,0.03597917
58.30000305,0.037112184
58.31666946,0.0358053
58.33333588,0.037261844
58.35000229,0.036720194
58.3666687,0.03928351
58.38333511,0.03659863
58.40000153,0.036314342
58.41666794,0.037516467
58.43333435,0.037309032
58.45000076,0.036979519
58.46666718,0.035579376
58.48333359,0.037419282
58.5,0.0356551
58.51667023,0.036401369
58.53333664,0.036876731
58.55000305,0.038222719
58.56666946,0.037124787
58.58333588,0.03851632
58.60000229,0.036135696
58.6166687,0.035970788
58.63333511,0.037134036
58.65000153,0.037267454
58.66666794,0.036681011
58.68333435,0.036282822
58.70000076,0.036871631
58.71666718,0.036829449
58.73333359,0.037182678
58.75,0.038037665
58.76667023,0.038247652
58.78333664,0.035728451
58.80000305,0.037531763
58.81666946,0.037544832
58.83333588,0.038396996
58.85000229,0.034954384
58.8666687,0.037789315
58.88333511,0.036062699
58.90000153,0.036649097
58.91666794,0.035578113
58.93333435,0.038838115
58.95000076,0.036448073
58.96666718,0.037402805
58.98333359,0.036063235
59,0.038292181
59.01667023,0.037458587
59.03333664,0.037286919
59.05000305,0.036644902
59.06666946,0.036482081
59.08333588,0.039580408
59.10000229,0.034233533
59.1166687,0.037043899
59.13333511,0.037065662
59.15000153,0.040080696
59.16666794,0.035949137
59.18333435,0.03796031
59.20000076,0.041472238
59.21666718,0.039317939
59.23333359,0.032810822
59.25,0.035659652
59.26667023,0.041166414
59.28333664,0.034453094
59.30000305,0.036697093
59.31666946,0.039368074
59.33333588,0.034873676
59.35000229,0.039825358
59.3666687,0.035527766
59.38333511,0.042880364
59.40000153,0.042630117
59.41666794,0.042101126
59.43333435,0.041423567
59.45000076,0.040275857
59.46666718,0.036689039
59.48333359,0.036319971
59.5,0.036401115
59.51667023,0.03515191
59.53333664,0.036608681
59.55000305,0.036253136
59.56666946,0.037382096
59.58333588,0.039462887
59.60000229,0.042739525
59.6166687,0.043261603
59.63333511,0.04294746
59.65000153,0.044815641
59.66666794,0.043615837
59.68333435,0.037722617
59.70000076,0.037113708
59.71666718,0.033337776
59.73333359,0.036499061
59.75,0.036071081
59.76667023,0.032676503
59.78333664,0.036171284
59.80000305,0.035059661
59.81666946,0.035917249
59.83333588,0.034345023
59.85000229,0.03684954
59.8666687,0.043466091
59.88333511,0.043443803
59.90000153,0.042934228
59.91666794,0.041887071
59.93333435,0.043257054
59.95000076,0.043490697
59.96666718,0.04478373
59.98333359,0.043133847
60,0.044599615
60.01667023,0.045073643
60.03333664,0.04391497
60.05000305,0.043784104
60.06666946,0.044681951
60.08333588,0.042580631
60.10000229,0.043344371
60.1166687,0.042201307
60.13333511,0.043416511
60.15000153,0.043309391
60.16666794,0.044838317
60.18333435,0.044743869
60.20000076,0.043688796
60.21666718,0.037200812
60.23333359,0.037148528
60.25,0.037172385
60.26667023,0.036347356
60.28333664,0.036112685
60.30000305,0.037307706
60.31666946,0.035947647
60.33333588,0.037602805
60.35000229,0.035870519
60.3666687,0.035679016
60.38333511,0.035632987
60.40000153,0.034165952
60.41666794,0.035143994
60.43333435,0.03601348
60.45000076,0.035846427
60.46666718,0.036727093
60.48333359,0.037260994
60.5,0.036351435
60.51667023,0.036566045
60.53333664,0.036594994
60.55000305,0.034394279
60.56666946,0.035801645
60.58333588,0.037048046
60.60000229,0.037261844
60.6166687,0.036779888
60.63333511,0.036683265
60.65000153,0.037002292
60.66666794,0.036453195
60.68333435,0.035445128
60.70000076,0.035278432
60.71666718,0.035864025
60.73333359,0.038286638
60.75,0.036343217
60.76667023,0.034730755
60.78333664,0.035035163
60.80000305,0.034450546
60.81666946,0.034470946
60.83333588,0.036312174
60.85000229,0.035255298
60.8666687,0.036427073
60.88333511,0.043314166
60.90000153,0.045847133
60.91666794,0.044249162
60.93333435,0.044676326
60.95000076,0.03725829
60.96666718,0.035622757
60.98333359,0.035055786
61,0.036179584
61.01667023,0.037299044
61.03333664,0.035930775
61.05000305,0.041122079
61.06666946,0.045613427
61.08333588,0.045105923
61.10000229,0.045722097
61.1166687,0.044917483
61.13333511,0.045414388
61.15000153,0.041961823
61.16666794,0.045556616
61.18333435,0.043671995
61.20000076,0.046181519
61.21666718,0.042758293
61.23333359,0.044615306
61.25,0.046122793
61.26667023,0.039605703
61.28333664,0.037435364
61.30000305,0.036844861
61.31666946,0.036383636
61.33333588,0.045269739
61.35000229,0.04559974
61.3666687,0.044095472
61.38333511,0.046358474
61.40000153,0.036757264
61.41666794,0.046525441
61.43333435,0.03526184
61.45000076,0.045287725
61.46666718,0.045145672
61.48333359,0.045318123
61.5,0.045542959
61.51667023,0.046188604
61.53333664,0.047135841
61.55000305,0.045745909
61.56666946,0.045984551
61.58333588,0.045272209
61.60000229,0.044685651
61.6166687,0.046565376
61.63333511,0.045477707
61.65000153,0.045810774
61.66666794,0.036062051
61.68333435,0.036407508
61.70000076,0.038264249
61.71666718,0.035353489
61.73333359,0.044983137
61.75,0.046321664
61.76667023,0.045907781
61.78333664,0.044992268
61.80000305,0.03389537
61.81666946,0.046557628
61.83333588,0.041798398
61.85000229,0.040201932
61.8666687,0.037536167
61.88333511,0.046759035
61.90000153,0.038538214
61.91666794,0.046302889
61.93333435,0.04481151
61.95000076,0.040664874
61.96666718,0.041571643
61.98333359,0.045670304
62,0.038890261
62.01667023,0.045646466
62.03333664,0.037658446
62.05000305,0.045688968
62.06666946,0.046859831
62.08333588,0.040446468
62.10000229,0.045778528
62.1166687,0.046262283
62.13333511,0.038353223
62.15000153,0.04543652
62.16666794,0.039119754
62.18333435,0.038768005
62.20000076,0.039500847
62.21666718,0.041879147
62.23333359,0.045097396
62.25,0.044663474
62.26667023,0.043578919
62.28333664,0.042818055
62.30000305,0.043493815
62.31666946,0.043835014
62.33333588,0.047032878
62.35000229,0.036988366
62.3666687,0.039008673
62.38333511,0.042621665
62.40000153,0.045163997
62.41666794,0.039389644
62.43333435,0.046134509
62.45000076,0.043065954
62.46666718,0.04061985
62.48333359,0.042629059
62.5,0.043321032
62.51667023,0.036654025
62.53333664,0.042962547
62.55000305,0.037352983
62.56666946,0.037369259
62.58333588,0.047546681
62.60000229,0.043186568
62.6166687,0.043062124
62.63333511,0.040373396
62.65000153,0.042935714
62.66666794,0.042268522
62.68333435,0.043868717
62.70000076,0.038750257
62.71666718,0.046467472
62.73333359,0.041706976
62.75,0.041914698
62.76667023,0.042601503
62.78333664,0.044689525
62.80000305,0.038349122
62.81666946,0.040692423
62.83333588,0.040437803
62.85000229,0.041283201
62.8666687,0.040746354
62.88333511,0.039191652
62.90000153,0.039678756
62.91666794,0.040831033
62.93333435,0.041712273
62.95000076,0.047434147
62.96666718,0.04615863
62.98333359,0.04299264
63,0.041517325
63.01667023,0.040983856
63.03333664,0.041469362
63.05000305,0.040688157
63.06666946,0.036627635
63.08333588,0.046305623
63.10000229,0.043716766
63.1166687,0.04457093
63.13333511,0.043118522
63.15000153,0.046709452
63.16666794,0.042422593
63.18333435,0.046768893
63.20000076,0.043036599
63.21666718,0.043655392
63.23333359,0.04283708
63.25,0.041645914
63.26667023,0.042436235
63.28333664,0.042293001
63.30000305,0.045640886
63.31666946,0.045709703
63.33333588,0.042585313
63.35000229,0.040087596
63.3666687,0.041600302
63.38333511,0.043405697
63.40000153,0.04545727
63.41666794,0.041713301
63.43333435,0.042230919
63.45000076,0.044626236
63.46666718,0.042885881
63.48333359,0.040316783
63.5,0.042112395
63.51667023,0.044018287
63.53333664,0.042409863
63.55000305,0.042240474
63.56666946,0.04266667
63.58333588,0.038831349
63.60000229,0.044974983
63.6166687,0.045300022
63.63333511,0.046072908
63.65000153,0.044897188
63.66666794,0.039852824
63.68333435,0.043776974
63.70000076,0.043501168
63.71666718,0.040012598
63.73333359,0.043564208
63.75,0.047206484
63.76667023,0.044616655
63.78333664,0.044996057
63.80000305,0.04043391
63.81666946,0.044489563
63.83333588,0.040848352
63.85000229,0.040442918
63.8666687,0.044514168
63.8833313,0.041987401
63.90000153,0.039838497
63.91666412,0.043486521
63.93333435,0.04156005
63.94999695,0.040424705
63.96666718,0.040672861
63.98332977,0.042712878
64,0.039914116
64.0166626,0.0426635
64.03333282,0.042114791
64.04999542,0.043898445
64.06666565,0.045264021
64.08332825,0.040289916
64.09999847,0.042978123
64.11666107,0.04037584
64.1333313,0.041281153
64.15000153,0.041614033
64.16666412,0.042026181
64.18333435,0.04363035
64.19999695,0.043164924
64.21666718,0.042622205
64.23332977,0.042038042
64.25,0.041798651
64.2666626,0.042278793
64.28333282,0.041451275
64.29999542,0.041639987
64.31666565,0.041788422
64.33332825,0.040538676
64.34999847,0.041804582
64.36666107,0.043720916
64.3833313,0.040209062
64.40000153,0.040866781
64.41666412,0.043665268
64.43333435,0.042086896
64.44999695,0.041567739
64.46666718,0.043455478
64.48332977,0.041600898
64.5,0.041875243
64.5166626,0.041843887
64.53333282,0.041789219
64.54999542,0.04236554
64.56666565,0.041316252
64.58332825,0.044610601
64.59999847,0.04253104
64.61666107,0.044322398
64.6333313,0.042658389
64.65000153,0.041784145
64.66666412,0.04201198
64.68333435,0.040211502
64.69999695,0.043071728
64.71666718,0.042865366
64.73332977,0.042428531
64.75,0.04312893
64.7666626,0.04198375
64.78333282,0.041891322
64.79999542,0.040500343
64.81666565,0.040055007
64.83332825,0.041007981
64.84999847,0.040601742
64.86666107,0.03877655
64.8833313,0.043191344
